0.31636 0.70181 0.73461
0.32731 0.67815 0.75669
0.33572 0.69011 0.75475
0.32831 0.69713 0.76748
0.33167 0.70989 0.79398
0.35977 0.73713 0.84698
0.36751 0.71881 0.89712
0.37359 0.70705 0.90779
0.39181 0.73727 0.93139
0.37949 0.72949 0.95496
0.42127 0.72954 0.96617
0.45720 0.71447 0.96626
0.49665 0.70128 0.97120
0.52948 0.69828 0.96219
0.56087 0.70789 0.95398
0.57415 0.72188 0.93888
0.58765 0.72900 0.92718
0.60374 0.74567 0.91851
0.63775 0.78001 0.89724
0.63263 0.80437 0.91010
0.62013 0.85934 0.91799
0.63748 0.86651 0.93120
0.68140 0.83536 0.95539
0.67380 0.84250 0.98489
0.66114 0.86976 0.98872
0.67758 0.87004 1.00992
0.68405 0.88368 1.04177
0.68553 0.92065 1.02728
0.71180 0.93315 1.01696
0.73745 0.95014 1.02883
0.75319 0.95400 1.03521
0.74997 0.93456 1.05021
0.72940 0.92651 1.07221
0.74812 0.94068 1.05997
0.72924 0.96447 1.08494
0.71009 1.00308 1.07846
0.71053 0.99846 1.10677
0.75207 1.01207 1.09118
0.78258 1.02164 1.09337
0.79291 1.02311 1.10943
0.84171 1.01878 1.11968
0.85357 1.03142 1.11075
0.86592 1.04135 1.13401
0.89919 1.04243 1.12805
0.88762 1.05544 1.14447
0.88753 1.07817 1.13759
0.86806 1.08043 1.15123
0.86373 1.09466 1.15340
0.88473 1.08663 1.16222
0.89496 1.10595 1.15851
0.88968 1.11558 1.17820
0.86426 1.15400 1.21065
0.84907 1.16809 1.21779
0.88047 1.13832 1.22814
0.92060 1.14917 1.26463
0.92913 1.16620 1.28290
0.94296 1.17589 1.28433
0.95472 1.20664 1.26591
0.98992 1.23193 1.28916
0.99743 1.25524 1.29369
1.03007 1.23675 1.31135
1.02677 1.24460 1.33797
1.04042 1.27157 1.36004
1.06024 1.26896 1.35655
1.08096 1.23979 1.36945
1.10162 1.24992 1.35492
1.08105 1.24544 1.37658
1.10505 1.23181 1.37481
1.11711 1.26752 1.37904
1.11287 1.27634 1.38764
1.11214 1.28848 1.41187
1.14094 1.30165 1.41349
1.13020 1.29725 1.44402
1.16334 1.33066 1.46745
1.18473 1.31459 1.48403
1.17802 1.34973 1.49387
1.18217 1.33535 1.53132
1.19607 1.35107 1.53302
1.19516 1.36214 1.53815
1.21172 1.36481 1.55106
1.22445 1.38999 1.57564
1.21965 1.41315 1.59708
1.20266 1.42178 1.63108
1.19342 1.42850 1.63310
1.18746 1.43451 1.64705
1.20223 1.44784 1.63891
1.19898 1.45450 1.65007
1.19551 1.46542 1.65379
1.21107 1.46531 1.66651
1.18578 1.48816 1.67951
1.17587 1.49692 1.70757
1.14550 1.51645 1.71907
1.16139 1.51132 1.72849
1.18906 1.54067 1.72443
1.19917 1.56651 1.74939
1.24023 1.53795 1.75186
1.25250 1.55413 1.74749
1.28034 1.55280 1.73165
1.30427 1.56948 1.72486
1.30543 1.55140 1.74758
1.33179 1.56457 1.74256
1.32782 1.60173 1.77397
1.35323 1.62895 1.78447
1.37129 1.65168 1.79916
1.36410 1.66621 1.80872
1.36657 1.66638 1.81809
1.34051 1.69727 1.83558
1.32050 1.69699 1.85574
1.32244 1.69237 1.88415
1.31872 1.69376 1.91547
1.33182 1.66834 1.92601
1.29179 1.67279 1.95385
1.33874 1.68172 1.97661
1.32673 1.69541 2.00101
1.33542 1.71358 1.99813
1.34852 1.75132 1.98782
1.34862 1.75388 2.03861
1.31953 1.78948 2.03623
1.32187 1.77162 2.05679
1.33890 1.77653 2.04591
1.38719 1.77455 2.05368
1.41794 1.77166 2.05077
1.42244 1.82259 2.04770
1.41879 1.83664 2.04736
1.41673 1.83004 2.05772
1.41092 1.87622 2.06161
1.38693 1.90132 2.06989
1.41557 1.90838 2.07086
1.39829 1.91898 2.08051
1.43109 1.89997 2.09791
1.43921 1.91588 2.09353
1.44835 1.92380 2.11287
1.46919 1.91120 2.11513
1.47527 1.93669 2.11578
1.47314 1.94555 2.16778
1.48479 1.93485 2.16769
1.51044 1.94724 2.20659
1.53663 1.96328 2.23609
1.51530 1.99166 2.26456
1.51671 1.98316 2.27898
1.51841 1.97404 2.33730
1.55051 1.96884 2.34251
1.56260 1.97409 2.37015
1.56947 1.95379 2.38718
1.60496 1.92178 2.40159
1.64408 1.93264 2.39780
1.64377 1.95926 2.41707
1.62079 1.98860 2.44288
1.63696 1.97591 2.45262
1.64859 1.97697 2.46283
1.62922 2.00300 2.49234
1.65775 2.00316 2.49723
1.66474 2.03936 2.49890
1.68384 2.01634 2.51879
1.68791 2.04972 2.53504
1.71240 2.05068 2.55834
1.74994 2.09364 2.54970
1.77264 2.09477 2.54304
1.82768 2.12572 2.52997
1.81998 2.15414 2.56574
1.86035 2.16298 2.53683
1.87417 2.13546 2.55167
1.88207 2.12435 2.57890
1.88539 2.13737 2.57538
1.90757 2.09533 2.59739
1.94425 2.10063 2.60450
1.98148 2.12879 2.61306
1.98168 2.14070 2.60574
1.97023 2.15973 2.60699
1.93931 2.20654 2.60699
1.97426 2.20411 2.60535
1.98071 2.21927 2.60167
1.99312 2.20640 2.60294
2.02247 2.21473 2.60068
2.00902 2.21350 2.61061
2.02439 2.21820 2.61139
2.02969 2.21741 2.61179
2.03664 2.25127 2.62623
2.03361 2.26529 2.64902
2.07745 2.23748 2.66803
2.10626 2.23242 2.66527
2.13126 2.24517 2.67991
2.12216 2.24565 2.71697
2.12081 2.25120 2.72171
2.14810 2.27859 2.74431
2.13697 2.29087 2.76216
2.15294 2.31522 2.75880
2.15089 2.32544 2.77254
2.15247 2.29470 2.79458
2.16248 2.27014 2.82116
2.18215 2.26826 2.82538
2.18873 2.23595 2.84791
2.21222 2.26279 2.84611
2.23431 2.29551 2.85647
2.24614 2.31727 2.88113
2.23727 2.32613 2.88268
2.25004 2.34184 2.88033
2.23664 2.35521 2.89349
2.25305 2.35820 2.89454
2.26767 2.37181 2.88072
2.27098 2.38167 2.89162
2.29477 2.38706 2.89736
2.28386 2.40521 2.92276
2.25750 2.41689 2.95424
2.24146 2.41615 2.98551
2.26739 2.41928 3.01546
2.27379 2.44184 3.04876
2.25800 2.45775 3.07564
2.25876 2.45694 3.07695
2.24435 2.50199 3.08589
2.29190 2.48392 3.11631
2.29979 2.47509 3.11861
2.29736 2.46415 3.15296
2.29346 2.50470 3.19255
2.27712 2.55326 3.18285
2.26949 2.56590 3.22972
2.27569 2.56499 3.23267
2.24243 2.55945 3.26114
2.24848 2.52244 3.28569
2.25241 2.55338 3.27863
2.26875 2.60304 3.29160
2.28577 2.60950 3.28107
2.29546 2.59088 3.32282
2.31493 2.58558 3.33391
2.34294 2.59067 3.33278
2.35243 2.59333 3.34416
2.34922 2.56518 3.38061
2.37226 2.58928 3.38343
2.37346 2.60905 3.40148
2.34667 2.61219 3.42438
2.36444 2.62088 3.42829
2.36524 2.62127 3.44643
2.37587 2.63641 3.43848
2.37522 2.66960 3.43944
2.37909 2.69434 3.45584
2.38095 2.69814 3.47714
2.36601 2.69949 3.50501
2.37123 2.72377 3.52662
2.39868 2.74096 3.52430
2.38974 2.74150 3.55712
2.39476 2.73791 3.56985
2.39265 2.76123 3.58185
2.38794 2.72879 3.61789
2.41769 2.71898 3.60606
2.41209 2.72041 3.61684
2.42215 2.72189 3.64434
2.41659 2.70747 3.67207
2.43467 2.67997 3.69299
2.43693 2.70427 3.71306
2.41073 2.71567 3.74299
2.41405 2.74751 3.72198
2.44148 2.74054 3.75186
2.46654 2.74365 3.78244
2.46799 2.73480 3.79092
2.45672 2.74412 3.79880
2.49425 2.73902 3.77785
2.53510 2.70040 3.78515
2.55072 2.70097 3.78308
2.56923 2.74704 3.77954
2.57533 2.77830 3.79173
2.57329 2.78759 3.78795
2.56722 2.78667 3.79352
2.58303 2.80136 3.81131
2.61103 2.78618 3.82143
2.63505 2.76248 3.83887
2.63363 2.77748 3.83537
2.65764 2.77001 3.82562
2.65283 2.80114 3.80928
2.62489 2.80848 3.83105
2.65277 2.80051 3.82178
2.69217 2.77544 3.84438
2.71216 2.81537 3.85758
2.73034 2.83073 3.89068
2.74893 2.87247 3.89364
2.76655 2.86998 3.88365
2.79293 2.89965 3.90755
2.77640 2.91566 3.95289
2.78103 2.92656 3.95412
2.78630 2.92443 3.96034
2.79384 2.93363 3.96151
2.80173 2.93474 3.97321
2.81208 2.92696 3.98005
2.85648 2.89454 3.98540
2.88522 2.88962 4.00463
2.90521 2.85520 4.01854
2.87943 2.86001 4.04050
2.89089 2.84909 4.06732
2.88259 2.85479 4.07425
2.86230 2.87719 4.08647
2.89264 2.87257 4.10979
2.93890 2.88315 4.09581
2.95488 2.91992 4.09236
2.99202 2.92810 4.11934
3.00464 2.91954 4.13900
3.01760 2.92865 4.15538
3.00812 2.91354 4.17878
3.03610 2.96220 4.14161
3.04024 2.99335 4.15847
3.05292 3.01370 4.16784
3.05485 3.00796 4.19108
3.03034 3.02959 4.19653
3.06370 3.02400 4.20757
3.06909 3.03066 4.22615
3.08380 3.06088 4.21666
3.10647 3.09956 4.21072
3.06495 3.12983 4.23519
3.07302 3.11943 4.27871
3.06700 3.11874 4.29569
3.08843 3.10022 4.29918
3.11101 3.10138 4.29554
3.11692 3.12496 4.29886
3.15290 3.13674 4.28286
3.17790 3.15639 4.28558
3.18950 3.19135 4.27840
3.18955 3.21496 4.27430
3.22039 3.23377 4.30306
3.22164 3.25573 4.30609
3.22192 3.25119 4.30900
3.21401 3.23894 4.32704
3.22389 3.23927 4.34855
3.25762 3.22873 4.37332
3.29041 3.24047 4.38336
3.30877 3.22669 4.41812
3.30037 3.21831 4.43636
3.30555 3.21464 4.45943
3.29950 3.23016 4.49418
3.32179 3.23790 4.48432
3.30508 3.28242 4.48636
3.30544 3.25551 4.51686
3.31021 3.29696 4.52166
3.34026 3.34311 4.51986
3.35032 3.32764 4.55608
3.36028 3.36010 4.57476
3.37830 3.36881 4.61211
3.38360 3.37717 4.63382
3.39250 3.40134 4.63217
3.39385 3.43939 4.63274
3.41937 3.44409 4.65207
3.44954 3.47086 4.62018
3.47529 3.48102 4.62883
3.49585 3.49095 4.63587
3.50727 3.51335 4.61370
3.52354 3.51582 4.60702
3.52203 3.55882 4.58984
3.52448 3.53131 4.61217
3.53837 3.52858 4.65600
3.54117 3.52975 4.66795
3.53043 3.53594 4.68108
3.53858 3.54974 4.68102
3.55551 3.55689 4.70547
3.57429 3.57968 4.70836
3.60928 3.58150 4.70119
3.60320 3.56817 4.75791
3.60770 3.54851 4.79319
3.61346 3.52450 4.81457
3.64646 3.55463 4.81328
3.66678 3.55128 4.81488
3.68686 3.55566 4.82609
3.70601 3.54442 4.83362
3.76693 3.51564 4.81993
3.76385 3.54541 4.81301
3.78699 3.57106 4.82857
3.78957 3.58407 4.83587
3.79779 3.56455 4.84655
3.83327 3.54880 4.83899
3.83538 3.54880 4.84724
3.85748 3.57641 4.87816
3.86288 3.59393 4.86766
3.86508 3.60581 4.85930
3.89929 3.58474 4.85866
3.89989 3.61108 4.86431
3.87591 3.61774 4.89133
3.89266 3.62752 4.88245
3.88913 3.62880 4.88567
3.91486 3.62767 4.89178
3.90804 3.64841 4.90713
3.89585 3.66808 4.90645
3.88981 3.71514 4.92333
3.91726 3.71132 4.93932
3.90489 3.69539 4.98731
3.90866 3.67032 5.02806
3.88735 3.69451 5.03329
3.87230 3.69946 5.06997
3.88394 3.68226 5.08484
3.85716 3.71796 5.09623
3.88507 3.69833 5.09998
3.88661 3.72009 5.08539
3.90589 3.72968 5.08718
3.92107 3.72572 5.11163
3.91947 3.72754 5.11968
3.93181 3.73202 5.13214
3.92214 3.75218 5.14474
3.93372 3.78246 5.12206
3.92847 3.79485 5.14255
3.93657 3.78848 5.15554
3.96086 3.78622 5.18703
3.99570 3.80416 5.18917
3.99534 3.81457 5.21236
4.01478 3.83446 5.21952
3.99451 3.82868 5.27856
3.96970 3.86609 5.28227
3.93527 3.89253 5.29517
3.90792 3.89566 5.32697
3.93408 3.91508 5.32559
3.95842 3.92252 5.31497
3.96895 3.91333 5.32445
3.97590 3.89157 5.36262
3.96283 3.91071 5.39340
3.98404 3.87664 5.43575
4.00570 3.88035 5.45204
3.99093 3.90200 5.46752
3.99235 3.91948 5.47302
3.96490 3.94070 5.49084
3.96179 3.94988 5.51041
4.01572 3.94404 5.49538
4.01494 3.92416 5.51827
4.01740 3.93136 5.53748
4.01967 3.92818 5.56658
4.03641 3.95677 5.59632
4.03988 3.96483 5.61042
4.06024 3.96771 5.62552
4.04644 3.95578 5.66031
4.04981 3.96859 5.65857
4.06822 3.94675 5.68260
4.05991 3.91926 5.72593
4.05998 3.94908 5.72572
4.07884 3.97298 5.73810
4.09375 3.99159 5.73693
4.10927 4.01424 5.74331
4.10770 4.04221 5.72602
4.10205 4.03734 5.74927
4.08754 4.03639 5.76432
4.09759 4.03486 5.76776
4.14292 4.04660 5.76632
4.15581 4.05511 5.78165
4.17850 4.09336 5.79132
4.22265 4.15181 5.76422
4.22343 4.15139 5.78931
4.22789 4.14196 5.80278
4.25811 4.11652 5.82070
4.24276 4.16155 5.81634
4.22892 4.18603 5.82468
4.25822 4.19794 5.81921
4.25296 4.21270 5.84566
4.23982 4.22454 5.86300
4.23701 4.23860 5.85524
4.24104 4.24048 5.86960
4.25710 4.24443 5.86834
4.24652 4.24338 5.88875
4.23595 4.23674 5.90054
4.22762 4.26446 5.90461
4.22349 4.27677 5.94439
4.26442 4.27575 5.93418
4.25530 4.29453 5.95144
4.24887 4.26673 5.98036
4.24575 4.28389 5.99888
4.25551 4.28478 6.00131
4.27205 4.31221 6.00457
4.26686 4.29424 6.03518
4.24780 4.32262 6.07202
4.24583 4.35035 6.08680
4.25624 4.35822 6.10104
4.24946 4.36944 6.11581
4.27195 4.37808 6.11831
4.26570 4.38818 6.11582
4.26403 4.40341 6.12378
4.26686 4.38585 6.15704
4.27156 4.40926 6.16824
4.24440 4.42303 6.20190
4.25400 4.44181 6.20881
4.24181 4.45989 6.20615
4.26086 4.48606 6.23872
4.27441 4.50979 6.21555
4.28550 4.51297 6.22567
4.27428 4.50901 6.25609
4.24940 4.52707 6.29868
4.26998 4.54183 6.33099
4.26245 4.53430 6.34517
4.29180 4.55117 6.32857
4.30265 4.52574 6.34081
4.29664 4.53723 6.35783
4.28496 4.53651 6.37423
4.29117 4.54567 6.37817
4.31801 4.54369 6.39049
4.32908 4.55954 6.39328
4.33165 4.55794 6.43167
4.31569 4.57501 6.44398
4.32505 4.60330 6.43716
4.34228 4.61966 6.42842
4.37215 4.61608 6.41261
4.39672 4.63058 6.39658
4.35809 4.65095 6.41046
4.38285 4.65279 6.41000
4.41375 4.69317 6.37113
4.43067 4.71492 6.35686
4.41949 4.73006 6.37008
4.43468 4.69942 6.38423
4.43068 4.73522 6.39584
4.45524 4.72457 6.39980
4.45269 4.74786 6.38832
4.43221 4.74468 6.41005
4.42622 4.75357 6.43417
4.44093 4.80559 6.45859
4.46322 4.85282 6.43757
4.46128 4.82225 6.46286
4.44873 4.83181 6.49736
4.46870 4.85367 6.50176
4.49565 4.81988 6.52027
4.49964 4.79836 6.53903
4.52301 4.79443 6.54487
4.54520 4.79943 6.53981
4.54039 4.81451 6.53743
4.55898 4.80176 6.57426
4.60097 4.83383 6.53602
4.59368 4.82506 6.54967
4.60891 4.82953 6.54710
4.62108 4.85942 6.54002
4.66823 4.89061 6.53143
4.71011 4.90324 6.51534
4.69996 4.92057 6.52634
4.67247 4.95115 6.56093
4.67259 4.96955 6.57343
4.69464 4.94902 6.59084
4.71040 4.94510 6.61924
4.72137 4.97183 6.62052
4.71612 4.97230 6.65422
4.73086 4.98362 6.67783
4.74346 4.95126 6.72026
4.76059 4.96698 6.70553
4.80214 4.96796 6.70895
4.82352 4.92699 6.73378
4.85340 4.95361 6.73603
4.86663 4.98882 6.73391
4.88964 5.01708 6.74387
4.91452 5.02695 6.75488
4.91229 5.04904 6.75539
4.91231 5.06067 6.75488
4.94875 5.01674 6.77174
4.94641 5.04151 6.75783
4.96340 5.03107 6.80147
4.96039 5.03582 6.83154
4.92874 5.05245 6.86655
4.92416 5.03879 6.88106
4.94372 5.04821 6.87971
4.99003 5.03390 6.87679
4.95699 5.03480 6.91820
4.92691 5.09087 6.91961
4.94406 5.13941 6.92624
4.96724 5.12266 6.94284
4.96470 5.13784 6.94247
4.96239 5.13193 6.95686
4.95037 5.15960 6.96020
4.98112 5.17163 7.00450
5.02437 5.20223 6.99176
4.99799 5.20763 7.00825
4.99179 5.20888 7.03211
5.01085 5.23917 7.00708
5.02976 5.25808 7.02794
5.06116 5.28659 7.03563
5.07783 5.29134 7.05389
5.08887 5.31357 7.07929
5.07278 5.30746 7.10212
5.06526 5.34343 7.10953
5.09415 5.35517 7.10203
5.11490 5.36452 7.14935
5.15131 5.36737 7.16677
5.13057 5.37131 7.18419
5.13386 5.40997 7.15898
5.15200 5.40866 7.17096
5.16684 5.40318 7.17778
5.18591 5.43110 7.18153
5.15709 5.45134 7.20627
5.16275 5.46117 7.20528
5.16344 5.50355 7.18149
5.18245 5.51062 7.17542
5.20828 5.48997 7.19992
5.26854 5.48388 7.17529
5.25704 5.49578 7.19452
5.26687 5.50352 7.21646
5.28896 5.50724 7.21058
5.33210 5.55141 7.18870
5.33640 5.58105 7.19551
5.31558 5.58984 7.24515
5.32671 5.60008 7.24896
5.34262 5.61988 7.24355
5.35847 5.62177 7.27326
5.37974 5.64044 7.26868
5.37264 5.62174 7.30231
5.36807 5.61630 7.31156
5.38106 5.59633 7.31747
5.36615 5.59802 7.34275
5.36504 5.60154 7.34126
5.32514 5.62378 7.36625
5.31928 5.64832 7.37956
5.32340 5.64476 7.38252
5.36045 5.68041 7.40871
5.37660 5.66902 7.42566
5.39834 5.66758 7.45010
5.40709 5.68670 7.46083
5.40366 5.67988 7.47372
5.40295 5.65832 7.49761
5.42611 5.64567 7.54031
5.43065 5.66914 7.52330
5.43683 5.69331 7.51094
5.39195 5.72373 7.52980
5.40485 5.70872 7.54320
5.39458 5.71638 7.56509
5.41929 5.76726 7.55183
5.43785 5.77408 7.53650
5.45783 5.78228 7.53904
5.46648 5.79722 7.53710
5.44733 5.82754 7.55208
5.47582 5.84255 7.55752
5.50586 5.82996 7.55906
5.52817 5.85957 7.55702
5.52094 5.84450 7.57791
5.52607 5.85589 7.58424
5.56532 5.86316 7.59688
5.54593 5.90402 7.60553
5.54524 5.94525 7.60359
5.54908 5.93979 7.62210
5.54263 5.92391 7.64670
5.54250 5.94797 7.65244
5.52053 5.97179 7.67761
5.51456 5.97774 7.70579
5.53115 5.99264 7.70971
5.55382 6.00555 7.73361
5.56571 6.01816 7.72249
5.54637 6.03345 7.75856
5.53216 6.06058 7.77386
5.51923 6.09566 7.79493
5.53881 6.12232 7.81868
5.53867 6.15026 7.84518
5.58850 6.13219 7.82962
5.59893 6.11793 7.85763
5.57456 6.14340 7.85909
5.56913 6.15462 7.85513
5.57380 6.14218 7.90517
5.56369 6.16249 7.91489
5.58416 6.14753 7.91864
5.59424 6.14057 7.92501
5.59178 6.17790 7.94981
5.61232 6.17348 7.99407
5.63055 6.20129 7.97260
5.63333 6.20134 7.97359
5.64674 6.20048 7.99233
5.67733 6.21081 7.98138
5.67998 6.21454 7.99739
5.66103 6.23970 8.00033
5.69242 6.24756 8.01017
5.71977 6.25660 8.00090
5.70552 6.24504 8.02618
5.68574 6.25463 8.03361
5.72990 6.29214 8.03888
5.72974 6.32260 8.02454
5.76436 6.34135 8.02259
5.79754 6.32876 8.02969
5.84142 6.31466 8.04414
5.85107 6.31943 8.06445
5.85220 6.33500 8.05833
5.85650 6.31515 8.07812
5.90294 6.28392 8.09414
5.91035 6.28706 8.11254
5.92271 6.28138 8.11143
5.94280 6.28988 8.11962
5.99588 6.28275 8.11106
5.98546 6.27248 8.13043
5.99939 6.31994 8.14211
6.00141 6.33090 8.13472
6.00664 6.35708 8.16469
5.99077 6.36079 8.21050
5.99957 6.37268 8.21381
6.00528 6.36976 8.24458
6.01107 6.38499 8.24473
6.03551 6.40146 8.25454
6.06397 6.39943 8.23824
6.04719 6.40274 8.26714
6.07866 6.43060 8.25935
6.14185 6.42909 8.28185
6.14968 6.42307 8.30072
6.16686 6.46762 8.28249
6.17315 6.48585 8.29616
6.15703 6.49150 8.30681
6.19578 6.48384 8.29518
6.24038 6.49384 8.29716
6.24949 6.51284 8.31611
6.27831 6.52449 8.33092
6.24387 6.54773 8.34761
6.23614 6.56647 8.35892
6.21800 6.56471 8.38809
6.24027 6.57735 8.37345
6.23530 6.59905 8.36359
6.24079 6.59376 8.39011
6.23997 6.58979 8.41597
6.25242 6.58540 8.42288
6.27665 6.59212 8.40601
6.28382 6.58112 8.42665
6.26834 6.58476 8.45889
6.23480 6.60923 8.48402
6.22566 6.60513 8.50773
6.20566 6.58213 8.53804
6.21336 6.56342 8.59692
6.24387 6.57316 8.60893
6.23049 6.59002 8.61041
6.23621 6.58958 8.61511
6.24594 6.61044 8.60323
6.26534 6.60405 8.61498
6.27854 6.60197 8.61901
6.25031 6.66571 8.59933
6.25725 6.66666 8.59533
6.23217 6.68442 8.61937
6.23290 6.68650 8.62333
6.24892 6.70268 8.63624
6.25922 6.68215 8.64470
6.26592 6.68831 8.65625
6.27392 6.69083 8.67091
6.29090 6.70304 8.66533
6.32567 6.72219 8.64212
6.32663 6.73554 8.69878
6.34573 6.76823 8.68322
6.37126 6.81465 8.67397
6.38131 6.78313 8.71504
6.36300 6.79038 8.72464
6.39279 6.78578 8.72123
6.39845 6.82306 8.71929
6.39116 6.82900 8.75224
6.39874 6.85420 8.76551
6.38470 6.86138 8.78423
6.40410 6.83803 8.80243
6.44630 6.81486 8.80237
6.45981 6.82762 8.80800
6.45742 6.81849 8.82352
6.47396 6.85130 8.82157
6.49253 6.86556 8.82067
6.47771 6.87234 8.82888
6.50237 6.87357 8.82682
6.50199 6.85963 8.85224
6.50160 6.84102 8.87179
6.52526 6.82755 8.88578
6.53449 6.85987 8.90176
6.52606 6.83544 8.92705
6.53407 6.85184 8.91409
6.52381 6.85960 8.91830
6.54457 6.86677 8.92390
6.56632 6.90074 8.91734
6.57529 6.90715 8.94084
6.56712 6.92498 8.95771
6.59734 6.91008 8.97398
6.60534 6.92596 8.96545
6.59777 6.92787 8.97023
6.58928 6.92126 8.98906
6.58303 6.91793 9.02068
6.58568 6.95254 9.05210
6.58800 6.96577 9.04730
6.58500 7.01571 9.05351
6.57596 7.00451 9.07224
6.57660 6.99561 9.08185
6.59043 6.99613 9.11527
6.59118 7.02635 9.10519
6.60708 7.03714 9.13778
6.60521 7.04888 9.13358
6.62139 7.06150 9.12121
6.66105 7.03991 9.12106
6.66226 7.05899 9.13905
6.66719 7.07783 9.13510
6.68237 7.08088 9.13625
6.71283 7.08860 9.11218
6.72330 7.04495 9.13964
6.74037 7.04014 9.14704
6.74914 7.03073 9.18248
6.76676 7.06040 9.15851
6.78575 7.06270 9.17966
6.79382 7.05683 9.19601
6.85401 7.02382 9.19360
6.85593 7.03104 9.20518
6.85207 7.02723 9.21928
6.84292 7.01705 9.23480
6.88154 7.04391 9.22383
6.87618 7.06483 9.21606
6.86397 7.06479 9.24355
6.88790 7.07333 9.25884
6.92302 7.06190 9.25288
6.92524 7.08546 9.24695
6.90999 7.09619 9.25186
6.91882 7.13302 9.23459
6.94421 7.10651 9.25722
6.97806 7.11009 9.23975
7.01361 7.13057 9.25761
7.01817 7.15749 9.28291
7.00767 7.16430 9.29701
7.03115 7.15680 9.32993
7.04764 7.12478 9.34595
7.05476 7.12518 9.36734
7.04757 7.14673 9.35873
7.06718 7.12369 9.36298
7.06201 7.11630 9.38755
7.07538 7.10000 9.40334
7.09598 7.13780 9.41717
7.09605 7.15121 9.40876
7.12928 7.16013 9.42080
7.12527 7.22808 9.41082
7.15176 7.24807 9.39578
7.16490 7.25586 9.38282
7.16896 7.27887 9.39119
7.16737 7.30219 9.40161
7.21672 7.33062 9.41797
7.23956 7.34044 9.42334
7.26015 7.34653 9.42771
7.25225 7.37568 9.42283
7.27725 7.38430 9.41413
7.29307 7.38910 9.40454
7.30405 7.37742 9.41050
7.30078 7.39149 9.40839
7.31438 7.36745 9.43857
7.31957 7.35386 9.45652
7.32724 7.38904 9.43451
7.31499 7.42367 9.43735
7.33749 7.40265 9.45623
7.36489 7.42426 9.44993
7.34822 7.45040 9.45711
7.35411 7.42108 9.49322
7.34612 7.42544 9.50481
7.34965 7.44339 9.51153
7.34389 7.44151 9.51802
7.33659 7.46768 9.53191
7.34478 7.50433 9.51498
7.32505 7.50079 9.52969
7.34049 7.47984 9.54340
7.32799 7.49440 9.57068
7.32818 7.47798 9.59121
7.35697 7.49529 9.60057
7.40792 7.49307 9.60417
7.42132 7.53373 9.58356
7.43588 7.53652 9.58732
7.46570 7.55077 9.60833
7.48102 7.54899 9.64464
7.50281 7.55266 9.62952
7.52115 7.59248 9.62959
7.53577 7.60240 9.62761
7.56359 7.62570 9.63652
7.53522 7.62202 9.66068
7.55103 7.63603 9.68073
7.58352 7.67378 9.66016
7.58661 7.66967 9.66437
7.58867 7.67011 9.68745
7.59197 7.64383 9.71827
7.59989 7.64396 9.73261
7.61656 7.65606 9.73898
7.65138 7.64006 9.77017
7.64222 7.67570 9.78895
7.63783 7.69402 9.78348
7.62795 7.70258 9.78454
7.61893 7.66459 9.82168
7.62947 7.63963 9.84160
7.62221 7.63236 9.86842
7.65432 7.63692 9.84476
7.67133 7.59866 9.87617
7.68202 7.57858 9.89603
7.67744 7.59166 9.89428
7.70472 7.58778 9.89415
7.73884 7.59791 9.92525
7.74393 7.58266 9.94934
7.78845 7.58031 9.98188
7.75820 7.59817 9.99248
7.77186 7.58465 9.99990
7.75823 7.56631 10.02789
7.76427 7.54805 10.03739
7.76328 7.57737 10.07019
7.79873 7.57432 10.07872
7.81818 7.57549 10.10623
7.83875 7.57385 10.09699
7.86270 7.59520 10.07462
7.86337 7.60296 10.07945
7.86591 7.64963 10.06349
7.86472 7.68159 10.07757
7.87315 7.69476 10.07241
7.88512 7.70587 10.08336
7.90495 7.71723 10.08814
7.92730 7.69660 10.09353
7.95763 7.70061 10.10707
7.97563 7.72100 10.10108
7.99063 7.73869 10.10160
7.99289 7.76773 10.10444
7.99925 7.77829 10.09357
7.98913 7.78823 10.12408
7.98989 7.79365 10.13570
8.00790 7.78138 10.14370
8.00777 7.77070 10.15972
8.02235 7.78309 10.15593
8.03653 7.79229 10.16920
8.08829 7.77093 10.18261
8.08985 7.76811 10.18395
8.10574 7.78831 10.20145
8.11192 7.77940 10.22796
8.11138 7.76349 10.26842
8.12452 7.74462 10.27853
8.16690 7.72467 10.29826
8.20867 7.75325 10.28266
8.20715 7.75119 10.30429
8.24676 7.74900 10.31036
8.24161 7.73035 10.32914
8.23000 7.71762 10.36436
8.26135 7.69278 10.37407
8.30139 7.70977 10.39480
8.31435 7.75935 10.38390
8.32209 7.76133 10.37905
8.32268 7.75496 10.39522
8.34198 7.77429 10.43431
8.34343 7.75502 10.45549
8.35582 7.77355 10.45404
8.35772 7.78145 10.45358
8.38827 7.79382 10.46628
8.41617 7.79014 10.50581
8.42278 7.82856 10.54561
8.44939 7.87009 10.57353
8.45087 7.86568 10.57727
8.46335 7.87907 10.59520
8.44545 7.90383 10.62363
8.44651 7.90821 10.62441
8.44016 7.94062 10.61939
8.46928 7.97027 10.64977
8.47425 8.00027 10.67069
8.44875 7.99666 10.69485
8.46198 8.00100 10.70159
8.47015 7.99886 10.74461
8.45356 8.03231 10.75003
8.43963 8.02736 10.76733
8.47202 8.03698 10.75563
8.46451 8.06479 10.79735
8.43658 8.07074 10.82551
8.44132 8.09092 10.85951
8.44749 8.11931 10.86044
8.45411 8.12013 10.85616
8.47753 8.12564 10.86435
8.47236 8.11023 10.88627
8.47186 8.09943 10.90439
8.49395 8.10718 10.88567
8.50260 8.08550 10.90393
8.49006 8.08319 10.92346
8.45920 8.10977 10.93600
8.45602 8.12337 10.95171
8.45678 8.13246 10.96900
8.46696 8.12308 10.97891
8.48343 8.13304 11.01703
8.47941 8.17006 11.01506
8.45984 8.18410 11.02791
8.43688 8.19366 11.04840
8.44477 8.21449 11.05257
8.44740 8.20728 11.06646
8.45774 8.22241 11.08528
8.43719 8.25812 11.09683
8.42559 8.30068 11.13390
8.46323 8.27372 11.16020
8.47241 8.28562 11.18027
8.47613 8.32427 11.15981
8.47882 8.34716 11.15883
8.50484 8.33833 11.14600
8.53667 8.35986 11.14715
8.51855 8.35613 11.16626
8.53333 8.37571 11.16240
8.53811 8.39273 11.15893
8.57108 8.36698 11.15879
8.59026 8.39764 11.17012
8.58426 8.39919 11.17959
8.55957 8.41549 11.19250
8.54062 8.39416 11.23712
8.57057 8.38236 11.25599
8.57160 8.39399 11.26015
8.57402 8.41746 11.25403
8.56625 8.43028 11.26357
8.59533 8.44393 11.25973
8.62433 8.46475 11.26867
8.63024 8.46455 11.27067
8.63179 8.47351 11.28092
8.63067 8.48563 11.29029
8.61383 8.52988 11.33295
8.60225 8.51050 11.37447
8.60883 8.49764 11.39119
8.57552 8.50164 11.43513
8.57959 8.51812 11.45399
8.57802 8.50715 11.47039
8.61968 8.54235 11.48618
8.63840 8.58406 11.48263
8.67335 8.60855 11.51924
8.64795 8.63169 11.55667
8.65130 8.61630 11.59221
8.64065 8.62190 11.61285
8.64692 8.61874 11.66427
8.64614 8.62167 11.68572
8.66136 8.64096 11.66706
8.66868 8.65436 11.66273
8.66201 8.63833 11.69012
8.66390 8.63124 11.69791
8.66720 8.65603 11.71781
8.69130 8.64322 11.74191
8.68900 8.66273 11.73752
8.67097 8.67720 11.74282
8.66919 8.66774 11.78212
8.70109 8.68958 11.76485
8.68667 8.69117 11.80481
8.72144 8.71227 11.84584
8.73892 8.72661 11.85743
8.72659 8.75907 11.88668
8.72757 8.78748 11.91069
8.74103 8.78119 11.91305
8.76879 8.78535 11.89268
8.75577 8.80272 11.91696
8.77981 8.79622 11.92406
8.78772 8.82249 11.94208
8.78629 8.85420 11.93324
8.76704 8.85495 11.95890
8.75690 8.85624 11.96441
8.75178 8.83527 11.98350
8.75885 8.81725 11.99163
8.78665 8.81990 12.00532
8.82410 8.83217 12.02282
8.81926 8.83376 12.03272
8.83998 8.83523 12.04469
8.82936 8.86761 12.06737
8.82518 8.87483 12.06692
8.82184 8.87062 12.07885
8.78519 8.88796 12.09185
8.79484 8.88896 12.09411
8.79200 8.91236 12.11551
8.82664 8.92669 12.08424
8.84296 8.90554 12.11012
8.85304 8.91356 12.10164
8.82750 8.95750 12.10347
8.87742 8.95498 12.09468
8.87858 8.95954 12.10324
8.88585 8.95403 12.12277
8.85827 8.97490 12.16101
8.85613 8.96353 12.16935
8.83495 8.98203 12.18987
8.85892 8.98110 12.17354
8.85694 8.98698 12.17524
8.88530 8.98955 12.16925
8.90425 9.01037 12.20449
8.89602 9.00978 12.21939
8.90738 9.00642 12.23371
8.90669 9.00697 12.25516
8.89190 9.02464 12.25683
8.90022 9.02094 12.26854
8.92213 9.02651 12.25698
8.95489 8.99676 12.27875
8.97920 8.99241 12.27165
8.98659 8.99093 12.28359
9.03051 8.96122 12.30000
9.05652 8.93867 12.30327
9.03305 8.97089 12.30697
9.05350 8.97739 12.35224
9.05923 8.97384 12.37342
9.06776 8.98182 12.37105
9.09399 8.99887 12.39768
9.09684 8.99295 12.40296
9.09780 8.99643 12.40632
9.09284 8.98366 12.43593
9.11159 8.98843 12.43569
9.10747 9.01420 12.43881
9.10305 8.97379 12.47026
9.10956 8.99954 12.45597
9.14511 9.03412 12.41980
9.15100 9.05116 12.42172
9.14606 9.06359 12.41961
9.12777 9.09083 12.45240
9.14260 9.09918 12.44725
9.15493 9.13963 12.44050
9.18165 9.15503 12.44439
9.17994 9.15839 12.44689
9.18068 9.13893 12.46823
9.19665 9.15749 12.50051
9.20563 9.11492 12.53455
9.22235 9.12721 12.54473
9.22586 9.18109 12.52720
9.22274 9.18546 12.56849
9.24820 9.18908 12.57366
9.22970 9.20385 12.58029
9.23321 9.21371 12.57813
9.19889 9.22107 12.63789
9.28017 9.24789 12.64459
9.29471 9.26699 12.66960
9.30101 9.31489 12.65762
9.31777 9.31440 12.66097
9.31478 9.33993 12.66886
9.30842 9.38375 12.68715
9.26727 9.39584 12.73852
9.24457 9.41353 12.76652
9.26274 9.38634 12.78747
9.24992 9.40369 12.82485
9.23934 9.41605 12.85189
9.26643 9.41784 12.85956
9.30018 9.40368 12.84773
9.32931 9.40925 12.86195
9.35069 9.42109 12.85227
9.35189 9.44883 12.85415
9.38304 9.45821 12.85963
9.36860 9.48184 12.87858
9.36540 9.47956 12.89388
9.38655 9.45979 12.89333
9.40436 9.46902 12.90293
9.39263 9.48040 12.93720
9.42020 9.49164 12.93660
9.43573 9.52350 12.91818
9.46395 9.51614 12.91085
9.48298 9.53062 12.92793
9.49961 9.53068 12.92721
9.53292 9.53000 12.92842
9.54516 9.55023 12.90916
9.54477 9.58091 12.90458
9.54392 9.54746 12.92840
9.58827 9.54306 12.93981
9.59152 9.59095 12.94889
9.61112 9.56622 12.96696
9.62651 9.54370 12.97790
9.63962 9.55660 12.99701
9.61117 9.57002 13.04577
9.61628 9.60674 13.06990
9.63493 9.60932 13.09992
9.59690 9.60590 13.12656
9.61378 9.60641 13.13061
9.59963 9.63208 13.14565
9.58114 9.66535 13.14253
9.60007 9.68049 13.15441
9.57438 9.71055 13.15734
9.57881 9.71144 13.17816
9.57611 9.73194 13.17508
9.58519 9.74719 13.16793
9.55673 9.77738 13.18693
9.55607 9.80108 13.22027
9.57299 9.84155 13.19657
9.57560 9.84941 13.21591
9.58636 9.83753 13.23014
9.59192 9.83785 13.23429
9.58750 9.85552 13.25249
9.58988 9.85516 13.28484
9.61022 9.85089 13.27523
9.62676 9.87804 13.30687
9.61805 9.89847 13.32698
9.62687 9.89861 13.31913
9.65518 9.85954 13.33463
9.65799 9.84195 13.34843
9.66721 9.84595 13.35173
9.67533 9.84233 13.35480
9.68496 9.84612 13.39695
9.66754 9.83555 13.42919
9.67921 9.83665 13.43336
9.67027 9.85430 13.45535
9.65478 9.85459 13.50015
9.66897 9.84223 13.53776
9.69090 9.88589 13.55045
9.69341 9.87255 13.58465
9.68366 9.86058 13.60837
9.69175 9.85196 13.62387
9.72068 9.89870 13.65344
9.73896 9.90222 13.64114
9.73265 9.88099 13.66817
9.75191 9.91706 13.63332
9.74769 9.92046 13.64428
9.77551 9.94596 13.69979
9.76089 9.97106 13.71838
9.77856 9.97816 13.75583
9.72997 10.00708 13.77446
9.72545 10.01007 13.77567
9.75611 10.01184 13.80198
9.77957 10.04103 13.78506
9.79381 10.04589 13.78413
9.82828 10.05771 13.81648
9.83115 10.07850 13.83944
9.83503 10.05718 13.87439
9.81370 10.07588 13.88770
9.80991 10.07986 13.89779
9.80913 10.07837 13.92203
9.85048 10.11812 13.93184
9.86035 10.13847 13.94986
9.89926 10.17370 13.93453
9.88671 10.19091 13.92922
9.91920 10.17018 13.92371
9.92497 10.21633 13.91648
9.93376 10.21363 13.92694
9.92634 10.23399 13.93581
9.94467 10.22056 13.94144
9.91343 10.23897 13.95820
9.92841 10.24632 13.99637
9.93576 10.24393 14.01174
9.93723 10.26636 13.99642
9.93687 10.24374 14.01512
9.91846 10.27081 14.01677
9.92291 10.28228 14.01635
9.91102 10.30476 14.01978
9.92373 10.31267 14.01250
9.91026 10.29347 14.03956
9.90397 10.29173 14.05132
9.87654 10.30610 14.06965
9.86444 10.32954 14.11700
9.84682 10.35326 14.13667
9.87177 10.34717 14.14313
9.86803 10.32754 14.15943
9.87138 10.31536 14.16494
9.87615 10.31679 14.16593
9.90064 10.29317 14.18764
9.90774 10.30264 14.18774
9.91520 10.34312 14.21377
9.93680 10.33618 14.22209
9.92652 10.35401 14.22766
9.93716 10.35924 14.24552
9.93607 10.36051 14.25168
9.96557 10.32879 14.26814
9.96435 10.32734 14.27764
9.95961 10.33307 14.27854
9.94803 10.34446 14.30037
9.92226 10.38366 14.29974
9.92933 10.37460 14.31083
9.93673 10.38863 14.31722
9.94691 10.40748 14.35142
9.94661 10.40112 14.39085
9.94811 10.41073 14.41992
9.92803 10.44404 14.44420
9.93995 10.44942 14.44376
9.93706 10.45369 14.45974
9.95868 10.46564 14.46117
9.98189 10.45800 14.46549
9.99370 10.46145 14.49039
9.99880 10.46948 14.48915
9.99542 10.46326 14.52903
10.02547 10.46305 14.53559
10.02515 10.46354 14.54124
10.04007 10.46575 14.54604
10.01540 10.49226 14.55756
9.99195 10.49386 14.57535
10.01700 10.53342 14.56568
10.04919 10.51902 14.56132
10.06088 10.51180 14.56365
10.09900 10.50861 14.58598
10.10556 10.50771 14.58327
10.09114 10.49639 14.60030
10.07108 10.52089 14.63601
10.07102 10.51937 14.65064
10.08903 10.52070 14.66225
10.08218 10.54748 14.65865
10.12425 10.56957 14.66342
10.13864 10.55344 14.67805
10.15083 10.55521 14.69727
10.17048 10.59731 14.69210
10.17768 10.65215 14.72005
10.17235 10.63842 14.73685
10.18836 10.64656 14.74847
10.24390 10.63788 14.74014
10.26123 10.63914 14.73295
10.29374 10.64117 14.73403
10.29664 10.65349 14.74208
10.29941 10.66473 14.75447
10.29521 10.71626 14.72314
10.30668 10.72978 14.74252
10.30884 10.76034 14.72664
10.31994 10.71502 14.75468
10.31364 10.71484 14.80034
10.33126 10.72485 14.79378
10.35595 10.73932 14.82018
10.35779 10.73943 14.82952
10.33940 10.74257 14.86128
10.33477 10.74699 14.87426
10.35548 10.76226 14.88337
10.37690 10.76273 14.88090
10.37534 10.74135 14.91041
10.40199 10.74595 14.90542
10.43066 10.76382 14.96896
10.45419 10.73436 14.99345
10.45406 10.74108 14.99911
10.47682 10.74073 15.01298
10.44730 10.77047 15.03393
10.47817 10.79504 15.02673
10.49255 10.81849 15.01823
10.47245 10.80564 15.05912
10.47263 10.79983 15.07786
10.45528 10.79126 15.09599
10.43858 10.77808 15.13203
10.44033 10.80757 15.11932
10.44089 10.83349 15.13579
10.42001 10.84834 15.14203
10.48493 10.86058 15.15035
10.51958 10.85603 15.16735
10.51976 10.84651 15.18682
10.56092 10.87175 15.19607
10.54675 10.90155 15.18969
10.55665 10.93655 15.17685
10.53256 10.98046 15.16248
10.53824 10.99309 15.19869
10.58226 10.96288 15.20536
10.62717 10.96682 15.17740
10.64126 10.99144 15.17732
10.66625 11.01862 15.19393
10.68004 11.00329 15.21372
10.68311 11.01712 15.21897
10.68135 11.03894 15.23181
10.67015 11.06173 15.25293
10.70236 11.03051 15.27093
10.71362 11.02005 15.28335
10.69768 11.06545 15.26377
10.70968 11.05945 15.29139
10.73686 11.04935 15.29210
10.74069 11.07440 15.29929
10.77526 11.07950 15.32734
10.76712 11.09538 15.34305
10.74275 11.10352 15.34765
10.74057 11.12915 15.33341
10.76340 11.15611 15.36373
10.75512 11.16210 15.37302
10.74788 11.16048 15.40411
10.76532 11.15733 15.42566
10.79067 11.15871 15.49090
10.78496 11.15106 15.50415
10.82628 11.13955 15.51622
10.81609 11.13199 15.54276
10.81283 11.13147 15.56652
10.82085 11.12603 15.58058
10.83219 11.11344 15.64051
10.83934 11.12079 15.65465
10.79773 11.17033 15.65496
10.79299 11.18277 15.66003
10.78854 11.18530 15.67495
10.78672 11.18860 15.67588
10.80303 11.19237 15.69050
10.81515 11.21745 15.69591
10.80182 11.18795 15.75502
10.78863 11.20409 15.76619
10.78746 11.22059 15.77375
10.80483 11.24019 15.78382
10.82300 11.27003 15.79536
10.82909 11.26882 15.82654
10.85517 11.25985 15.81884
10.87757 11.25097 15.82373
10.89317 11.28075 15.82791
10.89773 11.27843 15.82833
10.89351 11.28003 15.84913
10.91666 11.28558 15.87834
10.90367 11.28317 15.92979
10.90561 11.29332 15.93160
10.94936 11.27731 15.92682
10.94410 11.29587 15.92935
10.92367 11.31102 15.93881
10.91046 11.33553 15.96293
10.87861 11.33312 15.99363
10.87015 11.34899 16.00148
10.87693 11.35359 16.01479
10.86427 11.34301 16.04505
10.83071 11.38220 16.06218
10.84663 11.39029 16.06816
10.86104 11.40046 16.07164
10.88293 11.40089 16.06150
10.89198 11.41157 16.04914
10.90646 11.41881 16.06501
10.92496 11.44445 16.07962
10.92764 11.45717 16.06785
10.90811 11.47847 16.08497
10.94489 11.47204 16.09753
10.96235 11.46285 16.11754
10.97115 11.48145 16.12257
10.98236 11.48111 16.13296
11.00259 11.49543 16.16525
11.00130 11.51851 16.16495
10.98214 11.51931 16.18303
10.99522 11.53316 16.18123
10.98632 11.56226 16.23786
10.99628 11.58737 16.24570
11.00166 11.55196 16.27922
11.00191 11.55748 16.28148
10.99761 11.54568 16.30808
11.00405 11.54000 16.33654
11.01130 11.57188 16.35970
11.01976 11.55573 16.37277
10.99793 11.57288 16.39197
10.98916 11.58242 16.40245
10.97421 11.57558 16.44700
10.97737 11.55040 16.47204
10.97357 11.52473 16.49011
10.94133 11.51265 16.51504
10.90686 11.52359 16.57145
10.92615 11.55022 16.57978
10.90435 11.54711 16.60327
10.91791 11.55265 16.59527
10.91324 11.55466 16.59978
10.91091 11.59455 16.58986
10.91870 11.58239 16.61980
10.89366 11.59324 16.64513
10.92645 11.62122 16.65929
10.93635 11.65041 16.64910
10.92633 11.64537 16.66853
10.91278 11.66297 16.69319
10.92609 11.69212 16.70177
10.90694 11.68636 16.71995
10.89262 11.68591 16.73265
10.91361 11.64694 16.74885
10.91106 11.68049 16.74914
10.88872 11.68679 16.79124
10.87826 11.68974 16.80215
10.91133 11.67201 16.81741
10.93208 11.66709 16.84119
10.92000 11.69970 16.83867
10.90666 11.71270 16.86114
10.87356 11.72608 16.88252
10.88707 11.72746 16.89396
10.90696 11.71113 16.92090
10.91034 11.73953 16.93629
10.90224 11.72239 16.95803
10.87780 11.74293 16.99664
10.88451 11.70875 17.01630
10.92115 11.68223 17.00913
10.91984 11.71541 17.00718
10.92983 11.69735 17.00447
10.91299 11.70328 17.01801
10.93622 11.73904 17.04071
10.94738 11.77198 17.04289
10.90332 11.76077 17.07396
10.90859 11.74214 17.13932
10.87824 11.71973 17.15869
10.87450 11.70609 17.18356
10.87028 11.73502 17.16554
10.88490 11.76988 17.19489
10.87563 11.77866 17.19531
10.87270 11.78654 17.19003
10.90558 11.77512 17.19061
10.90474 11.80227 17.17538
10.88521 11.77085 17.20510
10.88387 11.78193 17.20708
10.87834 11.82618 17.20635
10.90241 11.82411 17.18460
10.91154 11.81885 17.22798
10.91264 11.83303 17.22467
10.92226 11.82461 17.24791
10.90631 11.82453 17.27292
10.89830 11.83339 17.27436
10.90177 11.80597 17.29838
10.91820 11.82845 17.29628
10.91411 11.84342 17.31345
10.92715 11.83041 17.31431
10.90401 11.83190 17.35054
10.92338 11.84191 17.32821
10.91578 11.83203 17.36361
10.92263 11.82206 17.36388
10.90736 11.82905 17.37217
10.90971 11.83324 17.37248
10.90618 11.84659 17.36958
10.89394 11.84580 17.37081
10.92329 11.83196 17.37090
10.92548 11.81196 17.41126
10.90822 11.84794 17.40272
10.91933 11.86499 17.39494
10.90074 11.89537 17.38818
10.92286 11.88047 17.35601
10.89662 11.87560 17.37741
10.92380 11.85538 17.39006
10.91769 11.84531 17.42008
10.90504 11.86316 17.42650
10.91864 11.86114 17.42948
10.91917 11.89183 17.46614
10.94117 11.87732 17.47307
10.96288 11.89667 17.46455
10.98933 11.85507 17.48168
11.00800 11.86349 17.51513
11.01483 11.87741 17.51026
11.04494 11.84850 17.53804
11.05617 11.87852 17.56933
11.05042 11.85594 17.60576
11.03934 11.83721 17.63177
11.05853 11.83452 17.64986
11.09992 11.81358 17.65114
11.09527 11.83742 17.65280
11.09572 11.81746 17.66866
11.10706 11.81235 17.66189
11.09690 11.81480 17.65714
11.09065 11.84191 17.66508
11.08807 11.81373 17.69069
11.10582 11.86084 17.65012
11.10976 11.87911 17.64081
11.10491 11.88236 17.65003
11.13479 11.87840 17.69555
11.12407 11.89165 17.70064
11.11565 11.88884 17.70901
11.07491 11.90332 17.72566
11.05378 11.90128 17.74051
11.06989 11.92638 17.73654
11.06369 11.94914 17.75135
11.09313 11.95733 17.76358
11.09372 11.98534 17.74882
11.10741 11.99141 17.75073
11.13554 11.99155 17.77270
11.14235 12.00111 17.79986
11.11377 12.03143 17.82603
11.07247 12.04519 17.82856
11.05831 12.04247 17.86146
11.07101 12.04803 17.87141
11.05497 12.06909 17.86292
11.09954 12.08642 17.85510
11.10836 12.10543 17.82723
11.09296 12.12532 17.82244
11.09587 12.13661 17.83263
11.08581 12.14886 17.85109
11.09497 12.14035 17.87779
11.07499 12.16056 17.92104
11.05181 12.18432 17.93097
11.09436 12.18260 17.93382
11.12451 12.20819 17.94211
11.12966 12.19688 17.95908
11.10650 12.19873 17.97225
11.12159 12.18783 17.97591
11.14409 12.21477 17.97821
11.14243 12.25142 17.98268
11.12537 12.28956 17.96906
11.11688 12.33043 17.97855
11.11027 12.32777 17.98383
11.13283 12.33600 18.00886
11.14625 12.32514 18.03100
11.15552 12.33576 18.01668
11.18256 12.34805 18.01665
11.21285 12.35299 18.00742
11.23269 12.36751 18.00456
11.22972 12.35920 18.00317
11.22743 12.39880 17.98083
11.24703 12.42108 17.99285
11.26190 12.39869 17.99060
11.28188 12.38786 18.00775
11.32064 12.36529 18.00999
11.30988 12.34995 18.01788
11.30996 12.33262 18.02252
11.30052 12.32603 18.04853
11.30153 12.32238 18.04053
11.29709 12.33131 18.07733
11.30204 12.36669 18.10257
11.32008 12.37176 18.07436
11.34989 12.38442 18.04712
11.36707 12.37403 18.05030
11.32103 12.38258 18.07836
11.35140 12.37952 18.05893
11.33990 12.35705 18.06830
11.35664 12.36427 18.07188
11.36011 12.36738 18.07080
11.32943 12.34681 18.10284
11.34804 12.34865 18.12112
11.36087 12.38787 18.10779
11.31556 12.41451 18.13465
11.30415 12.43400 18.14457
11.29369 12.47235 18.13631
11.29715 12.47918 18.17323
11.27937 12.46256 18.16365
11.32594 12.46725 18.16028
11.35109 12.44341 18.17763
11.33438 12.42222 18.19153
11.37579 12.41476 18.18999
11.33945 12.44335 18.19454
11.31942 12.41912 18.19597
11.36463 12.38227 18.22604
11.36800 12.41464 18.24797
11.33818 12.43895 18.25012
11.37586 12.43945 18.23119
11.37411 12.44342 18.22887
11.36201 12.45277 18.24269
11.35647 12.46605 18.21397
11.33072 12.48676 18.22691
11.38083 12.46334 18.22970
11.39448 12.49409 18.21721
11.41320 12.54445 18.22991
11.45023 12.51898 18.24160
11.45572 12.48632 18.25971
11.43840 12.49615 18.22355
11.46664 12.51426 18.23744
11.47853 12.49869 18.25432
11.46047 12.51901 18.28752
11.46143 12.51184 18.25984
11.46429 12.54908 18.27059
11.47463 12.54975 18.27670
11.48561 12.57438 18.27638
11.48296 12.53690 18.22168
11.48459 12.55198 18.19465
11.46859 12.55284 18.20560
11.48137 12.56992 18.19524
11.52259 12.61724 18.22505
11.52574 12.62807 18.24363
11.54977 12.59141 18.23762
11.53500 12.62540 18.26001
11.54694 12.64575 18.31223
11.54404 12.67785 18.27539
11.55894 12.65250 18.29102
11.53353 12.65454 18.27114
11.48815 12.65120 18.23799
11.44682 12.64673 18.27091
11.46450 12.67075 18.27021
11.47457 12.65536 18.24841
11.46552 12.67705 18.23932
11.50582 12.69107 18.27150
11.48902 12.68600 18.25304
11.51370 12.69382 18.23502
11.50989 12.68426 18.22900
11.52480 12.63615 18.21586
11.54968 12.64648 18.19439
11.53785 12.66542 18.18882
11.52750 12.66905 18.18883
11.53363 12.68778 18.20302
11.53310 12.69540 18.18185
11.57141 12.70932 18.21070
11.58843 12.67969 18.19588
11.56583 12.67713 18.18308
11.56519 12.69485 18.19436
11.55857 12.69132 18.19216
11.55395 12.71116 18.18265
11.53913 12.72311 18.17023
11.52656 12.70154 18.15557
11.51493 12.72996 18.17782
11.51564 12.75461 18.13849
11.50859 12.73055 18.13881
11.49524 12.72660 18.13345
11.49106 12.75668 18.15419
11.43551 12.78833 18.16260
11.45779 12.80282 18.16200
11.45293 12.83108 18.19129
11.51518 12.85156 18.17187
11.53275 12.80770 18.16786
11.59442 12.78720 18.15215
11.63826 12.80084 18.18534
11.65534 12.82681 18.21564
11.64070 12.84310 18.19981
11.68222 12.87511 18.19281
11.67806 12.89108 18.16258
11.67894 12.88042 18.21346
11.66600 12.88404 18.21011
11.64961 12.89220 18.21284
11.62810 12.88365 18.21472
11.66160 12.90990 18.22030
11.63144 12.92238 18.22374
11.65186 12.88941 18.21610
11.66123 12.87232 18.22425
11.68580 12.87122 18.23199
11.69508 12.85295 18.22900
11.69212 12.86829 18.20757
11.69725 12.86295 18.21105
11.71139 12.88639 18.23501
11.68039 12.88101 18.22073
11.69034 12.86386 18.20072
11.70459 12.84801 18.20027
11.71072 12.84683 18.21204
11.71632 12.84758 18.16382
11.72447 12.83242 18.16427
11.74350 12.83997 18.18305
11.74584 12.83916 18.18302
11.75163 12.83333 18.13885
11.75166 12.84645 18.14712
11.76041 12.82693 18.14903
11.74261 12.81277 18.13715
11.77345 12.80029 18.10729
11.77090 12.81891 18.09743
11.79057 12.81574 18.07866
11.78363 12.80923 18.09533
11.77672 12.82936 18.09375
11.75491 12.90012 18.09997
11.74009 12.91396 18.08701
11.75077 12.93692 18.09759
11.74365 12.94294 18.11097
11.74086 12.90178 18.09768
11.74248 12.91920 18.09157
11.74097 12.94423 18.06791
11.74469 12.95814 18.05684
11.73965 12.94864 18.05867
11.73331 12.94901 18.06288
11.69562 12.92813 18.08513
11.72033 12.91115 18.08911
11.71788 12.88760 18.10404
11.69593 12.87985 18.09905
11.68322 12.85628 18.10709
11.66143 12.86060 18.12554
11.63850 12.89936 18.10591
11.62925 12.87855 18.09492
11.62669 12.87253 18.08845
11.65844 12.89928 18.09421
11.65668 12.94289 18.06668
11.64977 12.92430 18.08859
11.64073 12.88468 18.09158
11.61838 12.87682 18.11754
11.64710 12.85372 18.09867
11.65950 12.81120 18.10416
11.65248 12.84983 18.07715
11.65725 12.85335 18.05414
11.67213 12.86144 18.06869
11.67363 12.86684 18.06098
11.66330 12.86974 18.04715
11.63020 12.87557 18.03845
11.59760 12.87782 18.03279
11.59768 12.86068 18.02462
11.63543 12.84819 18.02811
11.63658 12.86406 18.05094
11.64494 12.89258 18.09453
11.63156 12.87202 18.13452
11.61807 12.85371 18.12021
11.62533 12.85055 18.12315
11.65987 12.85193 18.09180
11.67146 12.87071 18.10296
11.68445 12.87321 18.10002
11.69047 12.87239 18.14813
11.70914 12.85981 18.12544
11.69576 12.89419 18.09604
11.69069 12.90966 18.08118
11.70661 12.90921 18.04709
11.72494 12.91897 18.03020
11.70224 12.91016 18.02489
11.71086 12.91955 18.04714
11.74350 12.93478 18.09113
11.74437 12.94476 18.08651
11.74030 12.97662 18.09388
11.70460 13.00247 18.10161
11.72611 12.97162 18.10292
11.70804 12.94427 18.11232
11.74070 12.93016 18.11356
11.72822 12.93991 18.09052
11.73307 12.96109 18.07920
11.73369 12.97009 18.06995
11.71654 12.95847 18.05475
11.70258 12.98856 18.04833
11.71611 12.96737 18.03442
11.71112 12.97680 18.01117
11.68233 12.98757 17.98271
11.67452 12.98042 17.96659
11.66727 12.98009 17.97064
11.66448 12.97543 17.98498
11.67751 12.95549 17.96279
11.68244 12.96061 18.00350
11.67453 12.97405 17.98829
11.66731 12.96677 17.98995
11.68073 12.97408 17.99448
11.67084 12.96560 17.99622
11.67099 12.95420 18.00999
11.67179 12.99528 17.98144
11.66773 13.01703 18.02264
11.71386 13.02912 17.99471
11.70980 13.03918 18.01561
11.73216 13.05599 18.05154
11.72501 13.04149 18.06508
11.73534 13.03169 18.04924
11.74195 13.01366 18.04177
11.73782 13.00198 18.04962
11.73576 12.97841 18.04466
11.72164 12.97944 18.06490
11.72405 12.97872 18.07735
11.76308 12.97692 18.06184
11.74853 12.98468 18.05098
11.76339 13.01554 18.04040
11.75513 13.00716 18.02262
11.74669 12.99298 18.01223
11.71584 13.02793 18.03831
11.70784 13.01161 18.01853
11.70909 12.99667 18.01184
11.69388 12.96595 18.03354
11.71687 12.96752 18.08398
11.74360 12.96925 18.06348
11.76335 12.95713 18.06148
11.73478 12.96014 18.03696
11.71568 12.95340 18.03750
11.71925 12.92562 18.05458
11.71717 12.89972 18.02141
11.71926 12.91331 18.05288
11.72586 12.95139 18.01586
11.72223 12.96890 18.02869
11.70800 12.96267 18.02699
11.73930 12.98246 18.04262
11.75915 12.97434 18.01409
11.74915 12.95847 18.02381
11.73863 12.95621 18.01310
11.71074 12.94599 18.03970
11.71157 12.96487 18.04864
11.72600 12.95761 18.05526
11.77838 12.97455 18.04785
11.77373 12.97695 18.06336
11.76864 12.97919 18.04641
11.77968 12.96714 18.03135
11.76888 12.98160 18.03522
11.75218 12.96960 18.00399
11.72953 12.93005 17.97841
11.75782 12.95846 17.93416
11.78089 12.94792 17.96284
11.80053 12.95410 17.97979
11.78570 12.96212 17.99422
11.79955 12.96706 17.98379
11.82473 12.98500 18.00850
11.83813 12.94387 17.97354
11.81617 12.94709 17.98501
11.77878 12.94951 17.99577
11.81241 12.95079 18.00931
11.81033 12.96694 17.99945
11.83873 12.95478 17.98294
11.83158 12.96409 17.98987
11.81480 12.93445 18.01106
11.81082 12.94907 17.98411
11.84587 12.95860 17.99181
11.81841 12.98962 17.98973
11.82380 13.00082 17.96932
11.83791 13.00315 17.95994
11.81970 13.00758 17.96860
11.83257 13.01056 17.94623
11.87684 13.03137 17.94281
11.86857 13.06220 17.93137
11.86811 13.05148 17.92121
11.86069 13.05282 17.91866
11.89037 12.99564 17.90254
11.87809 13.01567 17.89357
11.86480 13.01796 17.93277
11.86014 13.06115 17.92758
11.87076 13.07127 17.96134
11.88035 13.05435 17.90486
11.87184 13.05247 17.90246
11.89625 13.02808 17.92718
11.88167 13.01341 17.90580
11.86174 13.00249 17.91492
11.84759 13.00012 17.89932
11.84173 12.98452 17.89105
11.85086 12.98137 17.87466
11.86154 13.01573 17.88891
11.83740 13.00536 17.87522
11.81905 13.02424 17.89494
11.81674 13.03670 17.92913
11.81261 13.01696 17.97994
11.80750 12.99756 17.99726
11.82460 12.99599 17.98632
11.82743 12.98939 18.02407
11.82464 12.97225 18.05697
11.84382 12.96194 18.08391
11.85652 12.98532 18.05397
11.87069 12.97141 18.03769
11.85096 12.96138 18.03752
11.87345 12.95624 18.03867
11.86250 12.95820 18.04013
11.88603 12.95642 18.05338
11.87065 12.93903 18.04857
11.88416 12.95885 18.03907
11.85578 12.96921 18.02731
11.88677 12.97554 18.01647
11.86648 12.97174 18.02189
11.84336 12.98446 17.99769
11.84702 13.00339 18.02041
11.88164 12.97135 18.00610
11.87306 13.00313 17.99604
11.91092 12.98666 18.00534
11.89781 13.01697 18.01106
11.86016 13.01676 18.02943
11.86375 13.03941 18.00740
11.86529 13.03413 17.98324
11.86473 13.03242 17.94716
11.85379 13.03581 17.96074
11.87303 13.01917 17.94596
11.90795 13.03860 17.93680
11.94806 13.05430 17.93349
11.94393 13.01356 17.91757
11.94388 13.02596 17.91542
11.94671 13.00460 17.89277
11.97195 12.96966 17.87762
11.93266 12.99148 17.90602
11.92630 12.99978 17.90276
11.95720 13.04329 17.93271
11.94463 13.02972 17.94616
11.96801 13.03138 17.95507
11.96320 13.04002 17.94212
11.97837 13.07288 17.93544
12.00132 13.07986 17.92080
11.98738 13.08242 17.91610
12.02143 13.07898 17.87959
12.01012 13.04252 17.84604
11.99986 13.08202 17.83531
12.04070 13.06580 17.86415
12.03857 13.08726 17.84019
12.03054 13.09156 17.82993
12.02220 13.11585 17.83848
12.02956 13.10829 17.85737
12.04980 13.13632 17.82536
12.04364 13.10050 17.82462
12.04557 13.10903 17.80151
12.04782 13.13038 17.79431
12.03240 13.13582 17.76448
12.03073 13.11792 17.77752
12.03045 13.11355 17.79205
12.02881 13.09128 17.79372
12.02233 13.09652 17.79416
11.98625 13.09994 17.76843
12.00274 13.08117 17.74297
12.01276 13.06436 17.73741
11.98950 13.04602 17.72537
11.96660 13.01696 17.69876
11.94192 12.99029 17.68180
11.92646 12.99946 17.67961
11.90855 13.01155 17.65978
11.90187 13.00230 17.65394
11.88853 12.99088 17.64408
11.90174 12.98872 17.65701
11.93473 12.98059 17.67834
11.94135 13.01540 17.65988
11.98215 12.99434 17.66877
11.95223 12.99542 17.66818
11.97506 13.00455 17.69577
12.00700 12.99376 17.66418
11.99793 12.97142 17.68376
12.00120 13.01209 17.68059
12.00869 12.99412 17.68926
12.03744 12.96616 17.69477
12.03331 12.96425 17.71123
12.02136 12.93502 17.71997
12.04242 12.90943 17.72195
12.04076 12.92535 17.72030
12.06494 12.91162 17.71103
12.08341 12.90751 17.72155
12.10709 12.96180 17.70921
12.10813 12.95293 17.68786
12.08672 12.93992 17.69427
12.08993 12.94047 17.72279
12.09828 12.93631 17.75316
12.14667 12.94683 17.73659
12.15365 12.90939 17.75090
12.14884 12.91594 17.80433
12.19095 12.92727 17.82724
12.20855 12.93411 17.82063
12.21586 12.94377 17.80839
12.22824 12.95104 17.81172
12.22195 12.93249 17.83323
12.23529 12.94256 17.84770
12.21039 12.94323 17.83169
12.18832 12.94653 17.78486
12.19675 12.94039 17.79040
12.18083 12.94620 17.80852
12.19339 12.95063 17.79699
12.16152 12.95180 17.81157
12.16313 12.93392 17.81844
12.17101 12.94355 17.79847
12.11030 12.93654 17.84713
12.09032 12.96372 17.87831
12.06744 12.95714 17.87799
12.06834 12.95422 17.88382
12.08939 12.94535 17.89668
12.08303 12.96152 17.86869
12.05721 12.97334 17.85275
12.05828 12.96220 17.83871
12.08861 12.93890 17.83879
12.07239 12.93753 17.81691
12.04012 12.91800 17.85011
12.03788 12.92320 17.83638
12.02336 12.94214 17.81925
12.01643 12.94542 17.82063
12.04744 12.92235 17.79714
12.04184 12.90229 17.74621
12.02384 12.90049 17.75612
12.03338 12.92035 17.77072
12.04911 12.90379 17.78307
12.04144 12.88565 17.76448
12.02369 12.90348 17.74297
12.01985 12.92722 17.72050
11.99653 12.91568 17.70790
12.01031 12.90462 17.69589
12.03490 12.89386 17.70789
12.06239 12.90794 17.71853
12.06943 12.90618 17.69846
12.07502 12.90207 17.66645
12.06479 12.90813 17.64763
12.04952 12.91370 17.66563
12.05940 12.92855 17.62956
12.03339 12.92714 17.57260
12.02874 12.93614 17.56082
12.02860 12.93729 17.58149
12.04122 12.96457 17.54604
12.02041 12.96763 17.55681
12.03251 12.97315 17.54175
12.03094 12.97216 17.53676
12.00427 12.93873 17.53285
12.05818 12.96553 17.55710
12.05618 12.97092 17.58459
12.04942 12.95808 17.62119
12.03498 12.97670 17.59791
12.02094 12.96700 17.61116
12.03366 12.97400 17.62756
12.02516 12.93864 17.63263
12.03848 12.98232 17.61002
12.03348 12.99902 17.61012
12.03969 13.02136 17.62689
12.02626 13.03304 17.65568
12.01459 13.05781 17.64540
12.00053 13.05471 17.64760
12.01891 13.03759 17.63007
12.00496 13.01179 17.63415
11.98389 13.03380 17.61896
11.98874 13.02893 17.62792
11.97527 13.01444 17.61862
11.98634 12.98268 17.62282
11.96122 12.96560 17.64542
11.96944 12.97206 17.64765
11.98655 12.96154 17.67153
12.00659 12.95133 17.66192
12.03329 12.98551 17.67687
11.99182 12.99696 17.67554
11.97702 12.99792 17.66438
11.97805 13.00107 17.64786
11.97163 12.97218 17.66242
11.95814 12.97342 17.62637
11.98549 12.98493 17.65161
11.99144 12.99665 17.63496
11.98312 13.01074 17.67738
11.92705 13.04390 17.66424
11.91221 13.04672 17.67880
11.89425 13.05861 17.72891
11.92278 13.04830 17.72852
11.88522 13.03032 17.74089
11.88584 13.05815 17.76116
11.88977 13.07440 17.75922
11.88087 13.06492 17.76998
11.87659 13.06479 17.75332
11.86415 13.03396 17.73391
11.85705 13.00278 17.73607
11.84817 13.01208 17.72258
11.82139 13.01984 17.70185
11.84556 13.01070 17.69982
11.86001 13.01001 17.71102
11.88112 13.03032 17.73164
11.88049 13.04755 17.71997
11.88391 13.04332 17.69840
11.85712 13.03908 17.69369
11.83679 13.06321 17.72622
11.85042 13.09731 17.70927
11.83940 13.08098 17.75258
11.82849 13.05048 17.75292
11.81144 13.05466 17.75310
11.83727 13.08260 17.73269
11.84954 13.08531 17.76777
11.87662 13.07988 17.77744
11.87776 13.05722 17.76487
11.89908 13.06490 17.75128
11.92538 13.06825 17.73723
11.93465 13.05777 17.71938
11.94275 13.06597 17.71857
11.91943 13.04578 17.71675
11.95294 13.01107 17.67795
11.94293 12.97507 17.65779
11.95217 12.97939 17.65761
11.95413 12.98580 17.61666
11.93440 12.98243 17.60903
11.93225 12.96854 17.57075
11.94754 12.96232 17.57594
11.95724 12.95700 17.56296
11.98970 12.95273 17.59060
12.00213 12.93297 17.60201
11.97377 12.94153 17.56461
11.99741 12.93119 17.57929
12.03717 12.90655 17.56320
12.04185 12.92186 17.57716
12.05168 12.91120 17.57762
12.05258 12.91341 17.54999
12.04181 12.91604 17.55709
12.02842 12.92972 17.57792
12.03756 12.88222 17.58104
12.01631 12.87058 17.60718
12.01066 12.85677 17.64367
12.03004 12.89706 17.66067
11.98912 12.89277 17.66926
11.97592 12.90008 17.66954
11.97024 12.89913 17.66560
11.94863 12.88956 17.65022
11.96533 12.89836 17.64838
11.94229 12.90853 17.69327
11.93640 12.91272 17.68373
11.96078 12.86410 17.69882
11.96341 12.86777 17.69609
11.99329 12.84292 17.66574
12.00320 12.83568 17.65266
12.01956 12.83693 17.64073
12.05634 12.85501 17.59778
12.04152 12.84415 17.58740
12.04935 12.85178 17.62064
12.02928 12.83941 17.60643
12.01767 12.79520 17.60707
12.01013 12.82888 17.60530
12.01417 12.85269 17.59593
12.03006 12.87506 17.58554
12.02605 12.89386 17.58256
12.02997 12.86291 17.58553
12.05114 12.86123 17.56948
12.05464 12.86835 17.57101
12.02941 12.86285 17.58592
12.04009 12.84635 17.60233
12.02316 12.82887 17.62323
12.01492 12.86034 17.64878
12.00836 12.85231 17.66804
11.98521 12.87752 17.63541
11.98132 12.85421 17.65552
11.97769 12.86142 17.63638
11.93603 12.84975 17.66333
11.91941 12.83695 17.64053
11.95820 12.84748 17.62931
11.97697 12.83910 17.64038
11.98114 12.86131 17.64000
12.00854 12.86701 17.63773
12.02127 12.87523 17.61307
12.00900 12.88798 17.63244
12.01786 12.89442 17.64382
11.99521 12.92866 17.60761
12.01502 12.92482 17.62627
12.02888 12.90253 17.62402
12.07083 12.94420 17.63773
12.04194 12.96826 17.61452
12.01110 12.95144 17.64011
12.04191 12.96671 17.64547
12.00411 12.96535 17.67521
12.01326 12.96669 17.68862
12.06040 12.99795 17.68743
12.03842 12.98394 17.70012
12.01621 13.00214 17.71846
11.97342 13.00559 17.69974
11.98541 12.99932 17.68230
12.00772 13.00759 17.69197
12.01668 13.02234 17.69769
12.03655 13.06450 17.67933
12.04572 13.05221 17.63397
12.04291 13.03713 17.59069
12.04898 13.02062 17.62048
12.03761 13.02413 17.62319
12.07874 13.01745 17.62757
12.05594 13.00058 17.64651
12.03865 13.01609 17.65437
12.07202 13.00286 17.63267
12.09401 13.02528 17.67086
12.09074 13.03832 17.67071
12.10219 13.03942 17.66025
12.13178 13.01663 17.65078
12.10823 13.00478 17.63667
12.11861 13.01819 17.62352
12.10231 13.04281 17.61428
12.09085 13.01858 17.61178
12.09814 13.00429 17.62767
12.08431 12.99755 17.61846
12.11966 13.02356 17.61917
12.13219 12.99647 17.65678
12.12921 13.02478 17.65397
12.12262 13.01740 17.63931
12.13173 12.99283 17.64225
12.12289 13.01843 17.61466
12.15165 12.99807 17.62396
12.16444 12.98790 17.61174
12.15349 13.00012 17.62695
12.15872 13.02218 17.63742
12.15451 13.00200 17.67089
12.12259 13.01566 17.67938
12.14385 13.00777 17.68193
12.13545 12.96495 17.65428
12.12756 12.94509 17.70135
12.11158 12.92798 17.68731
12.11658 12.90768 17.68155
12.12183 12.91170 17.67008
12.13882 12.91261 17.62552
12.14235 12.89890 17.59945
12.14089 12.89994 17.60288
12.11287 12.87998 17.59014
12.10376 12.88648 17.62274
12.11589 12.92758 17.63201
12.11099 12.91761 17.67198
12.10781 12.92966 17.70531
12.12105 12.96744 17.70105
12.13015 12.94183 17.67434
12.13841 12.93647 17.65527
12.12394 12.95234 17.65174
12.12801 12.95235 17.64756
12.13394 12.95115 17.63663
12.14763 12.95841 17.60297
12.16713 12.93976 17.62706
12.13317 12.88758 17.62296
12.12216 12.91286 17.60498
12.15029 12.90247 17.60473
12.15937 12.85358 17.63698
12.13342 12.87507 17.64008
12.14734 12.84219 17.63789
12.16094 12.86711 17.63541
12.13904 12.85435 17.62037
12.15578 12.85290 17.60638
12.18915 12.88132 17.62969
12.21547 12.92601 17.68562
12.19341 12.92667 17.69653
12.19833 12.92144 17.70203
12.21962 12.90913 17.70736
12.21277 12.87549 17.67671
12.23410 12.88730 17.68295
12.22151 12.87338 17.65836
12.21085 12.85716 17.65343
12.18607 12.86036 17.67691
12.19936 12.84353 17.68238
12.17532 12.83310 17.65979
12.15526 12.83087 17.67539
12.20005 12.79822 17.67984
12.21546 12.79743 17.72476
12.22821 12.80308 17.74901
12.22037 12.77884 17.76104
12.18769 12.79484 17.78630
12.18359 12.79084 17.79137
12.19319 12.81370 17.77641
12.19783 12.81360 17.78863
12.21031 12.79361 17.77337
12.22083 12.75593 17.77157
12.26674 12.77883 17.78946
12.25109 12.77020 17.79783
12.27952 12.78792 17.79522
12.29850 12.79400 17.79438
12.27409 12.81250 17.79817
12.27376 12.79168 17.78733
12.29640 12.76906 17.77547
12.32228 12.75477 17.75247
12.33008 12.72413 17.71498
12.29935 12.73218 17.73210
12.29369 12.76774 17.72448
12.29734 12.75642 17.69751
12.30979 12.74035 17.69785
12.30706 12.72665 17.71468
12.31236 12.73605 17.72875
12.30601 12.73345 17.73624
12.32450 12.77051 17.72016
12.35252 12.77202 17.71884
12.35409 12.76911 17.70894
12.34523 12.77268 17.73646
12.31000 12.78388 17.76134
12.31700 12.78855 17.74420
12.33169 12.79374 17.72840
12.30902 12.76422 17.74571
12.34113 12.76059 17.75126
12.32481 12.76658 17.74874
12.31758 12.76241 17.73625
12.31479 12.79048 17.72160
12.30189 12.78433 17.70751
12.32749 12.76594 17.68714
12.30843 12.75718 17.70784
12.30918 12.78027 17.73345
12.28406 12.76754 17.73439
12.29256 12.78665 17.73881
12.30765 12.81299 17.73994
12.29315 12.82319 17.73630
12.29460 12.83804 17.76313
12.30633 12.80771 17.79823
12.31476 12.82011 17.78499
12.30371 12.82166 17.76598
12.30976 12.80452 17.77809
12.33173 12.80643 17.77758
12.31911 12.79126 17.79045
12.29989 12.75722 17.78480
12.30225 12.73807 17.81083
12.30808 12.75851 17.79751
12.28534 12.76385 17.81521
12.26267 12.79527 17.80418
12.28440 12.81225 17.77655
12.25411 12.83254 17.74378
12.25584 12.83555 17.77100
12.27426 12.82279 17.77836
12.28833 12.80615 17.78671
12.26731 12.78236 17.78360
12.32103 12.80218 17.75462
12.33258 12.78725 17.75190
12.33228 12.75015 17.77541
12.31593 12.73216 17.77088
12.30615 12.72596 17.78533
12.30462 12.71272 17.78195
12.27610 12.71492 17.78326
12.29661 12.73930 17.78510
12.30099 12.76722 17.78113
12.27647 12.72396 17.81293
12.26463 12.73210 17.82968
12.26082 12.69261 17.81359
12.23029 12.71623 17.82662
12.23833 12.70540 17.83193
12.21703 12.73655 17.83668
12.22134 12.75403 17.85826
12.18965 12.78693 17.87988
12.18176 12.80855 17.87638
12.17871 12.77582 17.85650
12.15623 12.80463 17.84080
12.15385 12.82223 17.82968
12.15365 12.79290 17.85427
12.11417 12.76588 17.82638
12.10904 12.75739 17.86529
12.09591 12.77458 17.84870
12.09557 12.77096 17.85144
12.07947 12.76384 17.89550
12.08900 12.75290 17.88979
12.08974 12.73480 17.89422
12.07138 12.73301 17.90979
12.05581 12.74609 17.90270
12.05168 12.74935 17.92388
12.06921 12.75738 17.89875
12.05108 12.74638 17.92834
12.03957 12.76517 17.93429
12.02592 12.79028 17.93647
12.03610 12.80278 17.92128
12.03338 12.81535 17.89565
12.03334 12.83052 17.86013
12.04328 12.80897 17.84490
12.07065 12.81275 17.86137
12.08133 12.76838 17.88957
12.08590 12.76533 17.88503
12.07313 12.77027 17.88525
12.04498 12.76232 17.93190
12.04856 12.75670 17.92632
12.06074 12.74589 17.92652
12.04358 12.70322 17.91408
12.03632 12.68221 17.91374
12.04116 12.70860 17.93549
11.99788 12.71177 17.95618
12.01475 12.70794 17.96422
12.00235 12.69806 17.96437
12.02248 12.69231 17.96311
12.02707 12.68481 17.96581
12.03930 12.69289 17.97351
12.02429 12.68148 17.97672
11.98832 12.66098 17.99167
11.99549 12.66766 17.97775
12.00963 12.64899 17.96089
11.99312 12.69266 17.95883
11.99262 12.71732 17.98519
12.00628 12.69543 18.00778
12.02491 12.71521 17.99319
12.01777 12.69241 17.97999
12.03701 12.67229 18.01911
11.99979 12.67966 18.04947
11.97414 12.66283 18.03776
12.00102 12.67224 18.06514
11.98601 12.68455 18.04898
11.98371 12.66572 18.01592
11.98193 12.64046 18.05178
11.97342 12.62748 18.03634
11.93826 12.61792 18.01349
11.96268 12.62896 18.00662
11.99853 12.61168 18.02106
11.99646 12.59905 18.03024
11.98586 12.60081 18.00702
11.97827 12.60174 18.01229
11.99185 12.63441 18.03094
11.98376 12.62395 18.03127
12.01474 12.61944 18.02139
12.03644 12.61029 18.03139
12.06383 12.63620 18.02176
12.06051 12.58529 18.00010
12.06108 12.56188 18.00435
12.06293 12.55835 18.01295
12.04914 12.53732 18.03668
12.03755 12.55639 18.05294
12.03859 12.56456 18.03932
12.03468 12.53524 18.02717
12.04245 12.53046 18.01988
12.04001 12.54195 18.00170
12.04988 12.56215 17.96826
12.06889 12.56061 17.97562
12.07086 12.53655 17.96953
12.08294 12.54993 17.94358
12.07115 12.55047 17.92413
12.09067 12.57594 17.93059
12.10154 12.59499 17.95865
12.08251 12.61442 17.94536
12.06416 12.59653 17.95217
12.04523 12.60925 17.94493
12.05574 12.61794 17.95891
12.06534 12.61256 17.93701
12.04852 12.61195 17.93572
12.00077 12.61124 17.94303
12.00211 12.62501 17.94469
12.02388 12.62752 17.93979
12.03190 12.60241 17.90740
12.04081 12.60627 17.89652
12.02902 12.61382 17.89555
12.02477 12.63307 17.90732
12.00823 12.64429 17.90798
11.94617 12.65473 17.90012
11.93469 12.64414 17.88385
11.94865 12.63597 17.87692
11.95143 12.62156 17.86309
11.94383 12.59850 17.87413
11.94227 12.60747 17.86677
11.93109 12.59811 17.85182
11.91830 12.60318 17.85902
11.90266 12.60180 17.84762
11.91000 12.66094 17.86407
11.91132 12.65409 17.88733
11.92140 12.65683 17.89129
11.93696 12.64929 17.86223
11.92535 12.65509 17.85212
11.93112 12.66995 17.84975
11.91462 12.66528 17.86544
11.90320 12.73234 17.86112
11.94229 12.69251 17.86922
11.94323 12.66155 17.86568
11.92054 12.66385 17.82239
11.95064 12.65544 17.84284
11.95487 12.64612 17.86415
11.97217 12.61401 17.88113
11.95845 12.56786 17.92278
11.97277 12.55271 17.93984
11.93618 12.53711 17.94064
11.90941 12.53127 17.89181
11.91944 12.51609 17.91317
11.89489 12.53801 17.92265
11.88182 12.54889 17.91392
11.85218 12.52589 17.89756
11.87583 12.53849 17.90962
11.90178 12.55097 17.91363
11.88639 12.57869 17.94570
11.88582 12.58836 17.94195
11.90671 12.58639 17.93338
11.86744 12.58698 17.94703
11.89022 12.56040 17.94546
11.87888 12.56192 17.96824
11.88086 12.57955 17.92386
11.88036 12.57638 17.92705
11.86626 12.54036 17.91258
11.86626 12.54185 17.91077
11.84260 12.55122 17.90555
11.87998 12.56697 17.92924
11.89221 12.55070 17.92009
11.91408 12.57353 17.90602
11.93158 12.55010 17.91105
11.95045 12.55797 17.85815
11.93131 12.56071 17.85397
11.93595 12.58103 17.86133
11.95331 12.60015 17.84849
11.94366 12.62870 17.85581
11.96071 12.60646 17.83897
11.97717 12.59525 17.83555
11.97109 12.56426 17.82774
11.97301 12.53942 17.83836
11.96426 12.55469 17.83104
11.96618 12.55273 17.81940
11.96606 12.56842 17.82405
11.99405 12.56181 17.80250
11.99117 12.58456 17.80843
11.98716 12.58525 17.77384
12.02999 12.57873 17.81728
12.07049 12.56501 17.83776
12.06785 12.58232 17.81781
12.05791 12.57385 17.81994
12.06648 12.58154 17.79027
12.06436 12.58322 17.76525
12.04637 12.60771 17.73825
12.07139 12.60315 17.78029
12.07919 12.56301 17.78230
12.06385 12.56539 17.79155
12.05349 12.57305 17.79018
12.04457 12.56573 17.79115
12.04833 12.55674 17.80391
12.04671 12.56168 17.80976
12.01393 12.56191 17.84666
11.99765 12.57982 17.87299
12.00864 12.55099 17.86092
12.02673 12.54125 17.87400
12.01669 12.52434 17.87947
12.00148 12.53164 17.87390
12.03880 12.52660 17.89401
12.04539 12.52118 17.90329
12.05624 12.51310 17.88654
12.05716 12.52982 17.86457
12.07267 12.49605 17.84532
12.06541 12.49587 17.83659
12.02986 12.52538 17.86012
12.04603 12.51923 17.83219
12.02909 12.54955 17.81493
12.02447 12.54758 17.82059
12.02955 12.53318 17.83057
12.05609 12.54178 17.85274
12.05709 12.55080 17.84773
12.09465 12.57283 17.87860
12.08334 12.57333 17.87103
12.10990 12.59026 17.85312
12.08986 12.56368 17.87804
12.08316 12.53985 17.90944
12.08647 12.52728 17.88362
12.05942 12.50216 17.90343
12.05608 12.48814 17.91373
12.05153 12.47776 17.92312
12.05438 12.47587 17.91381
12.03180 12.49648 17.90269
12.02716 12.49004 17.94490
12.02632 12.49797 17.92788
12.02945 12.54963 17.88870
12.05835 12.54246 17.88033
12.04927 12.53831 17.88276
12.03162 12.55444 17.86706
12.01790 12.58360 17.88890
12.00930 12.59628 17.91286
12.00149 12.64180 17.94180
11.99933 12.63937 17.94400
12.01463 12.67988 17.89542
12.05477 12.70015 17.86323
12.05927 12.68369 17.81601
12.02206 12.66544 17.82354
12.01645 12.67922 17.82818
12.01856 12.64004 17.85608
12.04530 12.65537 17.86041
12.04623 12.64968 17.85826
12.03011 12.64615 17.87456
12.04294 12.69182 17.86475
12.06600 12.69356 17.84841
12.06118 12.69480 17.84405
12.04445 12.71836 17.83503
12.02326 12.73653 17.85921
11.98689 12.75960 17.84941
11.97659 12.80079 17.86270
11.97631 12.79953 17.87853
11.96456 12.81226 17.89806
11.93834 12.83020 17.88064
11.93325 12.85572 17.88944
11.93315 12.83952 17.88924
11.94216 12.84431 17.90990
11.94917 12.88536 17.88855
11.97017 12.88547 17.88454
12.00194 12.87808 17.90213
12.02212 12.85524 17.88766
12.01146 12.86746 17.88407
12.00685 12.86714 17.92126
12.02269 12.86054 17.92233
12.02180 12.85842 17.91972
11.99568 12.87873 17.92637
11.97735 12.86276 17.93541
11.98321 12.89025 17.91279
11.96941 12.89191 17.89556
11.98386 12.90936 17.91497
11.97304 12.86907 17.91594
11.97724 12.86846 17.93199
11.97201 12.90404 17.95225
11.96730 12.89608 17.93535
11.97045 12.89736 17.91138
11.95996 12.90358 17.89629
11.95848 12.90263 17.85152
11.94546 12.89359 17.84918
11.93733 12.88369 17.85763
11.92150 12.85893 17.86097
11.91360 12.83083 17.86542
11.89847 12.82875 17.85841
11.89456 12.85670 17.86708
11.88347 12.87163 17.89296
11.87293 12.87779 17.86827
11.84407 12.91227 17.88830
11.84979 12.91070 17.87273
11.84301 12.93418 17.87978
11.84310 12.92170 17.88885
11.84785 12.90448 17.90839
11.83219 12.91232 17.91373
11.83997 12.92004 17.91700
11.88557 12.90037 17.91671
11.87462 12.90553 17.94349
11.88109 12.86960 17.97110
11.87343 12.87735 17.99390
11.89622 12.87332 18.02245
11.89683 12.86889 18.03533
11.89427 12.85520 18.05263
11.87940 12.84138 18.04865
11.89760 12.83308 18.05682
11.91889 12.81397 18.04191
11.91059 12.78185 18.04131
11.92914 12.79889 18.04354
11.93530 12.80698 18.03401
11.95389 12.81487 18.02970
11.93429 12.81852 18.06511
11.91720 12.83069 18.06984
11.91344 12.81195 18.07148
11.94110 12.83355 18.11234
11.97193 12.82202 18.09769
11.92066 12.79128 18.11169
11.93569 12.76956 18.10197
11.91479 12.77617 18.11415
11.91986 12.78057 18.15652
11.91589 12.77064 18.16838
11.87718 12.78920 18.17431
11.85751 12.79340 18.19696
11.81666 12.78902 18.18716
11.79934 12.76433 18.20091
11.79201 12.79238 18.19440
11.77317 12.77965 18.20616
11.77523 12.77953 18.17186
11.78304 12.82063 18.15601
11.79031 12.81791 18.15777
11.79732 12.83606 18.19554
11.77326 12.86132 18.18942
11.77349 12.89604 18.20290
11.80046 12.85099 18.22140
11.80195 12.86003 18.21513
11.78100 12.87372 18.23535
11.80637 12.87969 18.23364
11.78961 12.86065 18.24817
11.77339 12.86635 18.25808
11.77327 12.89523 18.24056
11.79540 12.90955 18.24394
11.77567 12.90147 18.26067
11.75797 12.89553 18.26157
11.73909 12.91628 18.30642
11.73598 12.92167 18.29115
11.74807 12.96090 18.29854
11.75538 12.99417 18.29211
11.75503 12.95273 18.28167
11.75306 12.97191 18.24594
11.76248 12.94957 18.24199
11.73878 12.96749 18.23291
11.76903 12.95832 18.26211
11.73994 12.93211 18.24647
11.75883 12.93677 18.25089
11.74775 12.94167 18.22982
11.75554 12.92237 18.22528
11.73259 12.95850 18.24164
11.74712 12.96970 18.21078
11.77018 12.96167 18.19738
11.77863 12.94816 18.19105
11.80088 12.94742 18.17745
11.78680 12.94532 18.18739
11.76812 12.93376 18.18747
11.78954 12.95573 18.21353
11.81874 12.92871 18.21466
11.82639 12.94912 18.24071
11.82398 12.93996 18.19846
11.79962 12.93658 18.17014
11.78500 12.94130 18.14417
11.80608 12.95066 18.13923
11.77715 12.96283 18.12631
11.76810 12.99204 18.12564
11.77585 12.98673 18.13590
11.76595 13.00495 18.14281
11.80442 13.01868 18.13483
11.86049 12.99231 18.12852
11.85200 12.97597 18.13553
11.84943 12.97181 18.13715
11.83201 12.98241 18.14792
11.80489 12.98259 18.13423
11.82270 12.95785 18.09528
11.81451 12.95826 18.05600
11.82917 12.97578 17.99207
11.82636 13.01175 17.99460
11.80803 12.96920 18.01151
11.82266 12.95791 18.00105
11.85096 12.94263 18.00203
11.85858 12.96630 18.00031
11.85337 12.95687 18.01018
11.84939 12.93777 18.03253
11.85679 12.94028 18.00588
11.81365 12.95292 18.01094
11.82633 12.94437 17.96906
11.84258 12.92773 17.94622
11.85381 12.89634 17.94007
11.85744 12.90333 17.95145
11.85236 12.92740 17.95696
11.89283 12.92386 17.95527
11.88667 12.95134 17.97355
11.90932 12.91950 17.98186
11.91718 12.94178 17.97271
11.92530 12.90103 17.98824
11.93226 12.91286 17.98827
11.94706 12.91124 18.01102
11.92656 12.87082 18.00072
11.92178 12.85341 18.00001
11.86739 12.81288 18.00061
11.84924 12.77486 18.02482
11.86761 12.76197 17.98692
11.88524 12.77081 17.99791
11.92477 12.75396 18.03134
11.92447 12.75478 18.00249
11.90763 12.74203 17.99781
11.90215 12.74619 18.00020
11.88687 12.73205 17.98150
11.94215 12.69246 18.00101
11.91687 12.65823 17.98293
11.90764 12.66246 17.97554
11.85239 12.64490 17.98596
11.87113 12.63976 18.00033
11.85793 12.62919 18.01106
11.84350 12.62171 18.03220
11.81982 12.66575 18.01483
11.79700 12.66636 18.03186
11.78847 12.66815 18.08278
11.77498 12.67440 18.12861
11.75502 12.68046 18.12973
11.75734 12.68008 18.14134
11.72453 12.72085 18.13698
11.70187 12.73279 18.10930
11.68050 12.71894 18.14114
11.67893 12.71746 18.14037
11.71726 12.75567 18.13934
11.68988 12.72215 18.13251
11.67055 12.76141 18.16215
11.64212 12.77849 18.15265
11.62740 12.74443 18.18697
11.66020 12.74212 18.18409
11.62675 12.74535 18.16010
11.63727 12.73827 18.14366
11.63884 12.72642 18.15589
11.65857 12.69038 18.13568
11.65094 12.73083 18.14723
11.61519 12.72568 18.12564
11.64203 12.69595 18.14782
11.66603 12.65899 18.13924
11.65305 12.66490 18.17713
11.66090 12.68960 18.17178
11.62563 12.69141 18.14546
11.64700 12.69305 18.15242
11.64202 12.68019 18.14395
11.63892 12.72279 18.17046
11.63700 12.75917 18.19641
11.63699 12.77361 18.22276
11.63830 12.78767 18.21729
11.60895 12.77718 18.23049
11.60573 12.77007 18.22656
11.58682 12.78455 18.24465
11.54944 12.78624 18.22503
11.56268 12.83114 18.18481
11.54325 12.84302 18.20228
11.56869 12.83702 18.23767
11.56819 12.80905 18.21125
11.54740 12.80370 18.22356
11.54966 12.83232 18.22707
11.51615 12.81033 18.24151
11.55296 12.79207 18.27038
11.54986 12.80112 18.25140
11.57006 12.81815 18.26744
11.54475 12.82288 18.26517
11.55392 12.83305 18.23986
11.59161 12.84551 18.23678
11.60276 12.83628 18.20684
11.60271 12.86860 18.21719
11.61533 12.87019 18.19581
11.59911 12.89244 18.18365
11.59371 12.90472 18.20754
11.55836 12.90280 18.18695
11.56895 12.88764 18.19595
11.55028 12.91138 18.20103
11.52250 12.90015 18.20546
11.51789 12.90303 18.18466
11.52411 12.90325 18.15207
11.49501 12.91656 18.13184
11.52233 12.91123 18.13940
11.54458 12.91613 18.11283
11.55637 12.87258 18.10861
11.53635 12.88599 18.07204
11.51414 12.88655 18.10710
11.55484 12.88896 18.10692
11.54032 12.88819 18.09865
11.55757 12.92269 18.09784
11.54981 12.94084 18.10141
11.55041 12.93279 18.10218
11.52954 12.93959 18.05789
11.51000 12.95535 18.05854
11.52980 12.93764 18.03450
11.54134 12.93525 18.04715
11.54055 12.95641 18.06727
11.54537 12.98595 18.05882
11.55837 12.97864 18.05133
11.57349 12.94597 18.05748
11.55510 12.93672 18.03040
11.55960 12.96290 18.04666
11.54028 12.91464 18.07761
11.53813 12.94046 18.08283
11.57004 12.95217 18.09676
11.59555 12.97645 18.09603
11.56143 12.94003 18.07548
11.55413 12.95395 18.08699
11.54331 12.99522 18.05876
11.56046 12.97537 18.04850
11.54135 12.95066 18.04645
11.55733 12.99524 18.02592
11.56090 12.99095 18.04934
11.55985 12.98538 18.05672
11.54208 12.97215 18.04696
11.54554 12.98537 18.06958
11.53729 12.97756 18.04756
11.49037 12.96916 18.02957
11.45790 12.96337 18.05786
11.44898 12.96448 18.02951
11.42770 12.95572 18.05864
11.39814 12.93831 18.03098
11.43067 12.94567 18.04141
11.46041 12.94178 18.05931
11.43945 12.91826 18.07234
11.45327 12.91961 18.07351
11.44428 12.92669 18.08292
11.45006 12.90033 18.13439
11.45532 12.92161 18.13663
11.44203 12.91440 18.09022
11.45607 12.91450 18.07292
11.46501 12.88097 18.08542
11.47027 12.87599 18.08717
11.44681 12.87680 18.09993
11.45723 12.84984 18.09867
11.48670 12.84240 18.10063
11.50243 12.84150 18.09301
11.49225 12.87775 18.10595
11.47941 12.85093 18.12978
11.46038 12.83101 18.11111
11.48238 12.83869 18.12286
11.50618 12.82674 18.09915
11.50051 12.86177 18.09322
11.50006 12.86438 18.10706
11.49368 12.87830 18.11631
11.47243 12.88795 18.10097
11.46188 12.89089 18.09954
11.49810 12.89131 18.08671
11.48184 12.91333 18.09501
11.48736 12.90265 18.09962
11.47679 12.90512 18.11878
11.50604 12.88771 18.13720
11.50128 12.89398 18.12923
11.52747 12.90394 18.12800
11.54135 12.92561 18.16675
11.52972 12.94296 18.15702
11.52558 12.94191 18.15408
11.51903 12.94965 18.15325
11.50113 12.93834 18.16284
11.46012 12.92005 18.14884
11.45387 12.91907 18.14830
11.45992 12.92352 18.14331
11.45517 12.95425 18.11827
11.46982 12.94800 18.13452
11.43898 12.93156 18.13328
11.43598 12.91339 18.14732
11.43437 12.89677 18.15739
11.42478 12.90895 18.14003
11.44175 12.92566 18.13830
11.46054 12.91966 18.09851
11.47303 12.94058 18.12497
11.44616 12.92051 18.13888
11.45015 12.89190 18.13432
11.42848 12.88974 18.12085
11.43695 12.89232 18.10476
11.47282 12.89586 18.10120
11.49175 12.87415 18.08855
11.47569 12.88047 18.07151
11.49093 12.88446 18.04185
11.51130 12.85288 18.04007
11.48487 12.82310 18.07196
11.48075 12.80992 18.12669
11.46482 12.82728 18.12704
11.46691 12.80893 18.11800
11.45134 12.79200 18.11447
11.44948 12.77734 18.11514
11.45151 12.77963 18.12396
11.45684 12.80419 18.13936
11.45864 12.77675 18.11421
11.50828 12.77189 18.12526
11.53044 12.80888 18.13335
11.54327 12.82685 18.16218
11.54679 12.80113 18.15314
11.53777 12.80796 18.18622
11.52875 12.78126 18.19952
11.51108 12.76945 18.19673
11.47658 12.77657 18.18313
11.48705 12.75729 18.19989
11.47165 12.74979 18.20923
11.44017 12.71817 18.22708
11.40584 12.73403 18.21924
11.43970 12.74385 18.21586
11.42786 12.77254 18.21715
11.42820 12.79891 18.24609
11.43678 12.80702 18.26345
11.42623 12.78914 18.23669
11.42238 12.81486 18.23467
11.43570 12.82883 18.23213
11.45327 12.83807 18.23274
11.49525 12.82161 18.20252
11.49547 12.79881 18.19944
11.49511 12.79518 18.20291
11.48808 12.81876 18.21905
11.50139 12.83378 18.19301
11.49522 12.83988 18.20020
11.50975 12.83599 18.20351
11.51092 12.83700 18.20566
11.52133 12.84043 18.22259
11.49362 12.84079 18.22516
11.51486 12.85668 18.23476
11.50681 12.85763 18.24880
11.51803 12.84754 18.25032
11.53540 12.85338 18.24040
11.50917 12.85809 18.29035
11.49005 12.84205 18.30427
11.51342 12.84118 18.29269
11.48456 12.82831 18.27862
11.49327 12.84715 18.29949
11.49045 12.83876 18.28817
11.48782 12.85420 18.26794
11.50945 12.84917 18.25694
11.50498 12.81881 18.26860
11.48289 12.81887 18.28394
11.48696 12.82595 18.27222
11.50174 12.84609 18.24982
11.48979 12.83833 18.29304
11.46250 12.81399 18.29974
11.45573 12.81767 18.30483
11.42630 12.82093 18.31367
11.42683 12.79617 18.32740
11.42557 12.76422 18.32316
11.40926 12.75513 18.29562
11.39720 12.75101 18.26521
11.39857 12.76432 18.27262
11.39816 12.74585 18.27213
11.37289 12.73651 18.26965
11.35470 12.76604 18.30156
11.32633 12.77749 18.33361
11.35848 12.78525 18.35650
11.35129 12.78187 18.33056
11.37522 12.82325 18.33899
11.38520 12.84478 18.34392
11.39254 12.85026 18.32959
11.38023 12.84830 18.36870
11.40756 12.85306 18.34057
11.39760 12.85789 18.31867
11.36631 12.84273 18.31481
11.36440 12.84679 18.37878
11.34965 12.85740 18.36901
11.34062 12.84365 18.39056
11.37436 12.83197 18.41109
11.36799 12.81908 18.41272
11.35140 12.84756 18.43682
11.34237 12.87320 18.40108
11.37052 12.83526 18.41441
11.36579 12.83341 18.41893
11.37122 12.79166 18.43725
11.40286 12.76929 18.43201
11.38620 12.77350 18.40799
11.37696 12.76702 18.41852
11.38179 12.73844 18.41559
11.38406 12.76755 18.41636
11.42864 12.77652 18.41911
11.41035 12.76112 18.41699
11.41277 12.76901 18.46028
11.40306 12.73740 18.47957
11.39825 12.77044 18.48609
11.42004 12.74346 18.48643
11.42534 12.72261 18.48233
11.45172 12.73551 18.49951
11.44548 12.74149 18.47865
11.45537 12.68734 18.51044
11.46275 12.67456 18.50804
11.46773 12.61681 18.53292
11.45927 12.63955 18.50118
11.43312 12.66571 18.51049
11.45416 12.67618 18.49758
11.45835 12.67830 18.51474
11.44963 12.68962 18.53987
11.44518 12.66770 18.51551
11.50557 12.67690 18.49126
11.48541 12.65632 18.49988
11.46751 12.63769 18.48273
11.46841 12.65111 18.45122
11.48226 12.64274 18.44297
11.43157 12.64176 18.48060
11.40942 12.64644 18.49295
11.39672 12.65086 18.49008
11.39451 12.65584 18.51519
11.39278 12.66740 18.50166
11.40907 12.64218 18.50333
11.42154 12.65797 18.52335
11.40668 12.66225 18.50722
11.36019 12.67951 18.52706
11.32772 12.68896 18.51025
11.33049 12.69090 18.55508
11.34242 12.68849 18.59880
11.35274 12.66652 18.62035
11.33475 12.68713 18.60772
11.33627 12.69791 18.60158
11.34774 12.71268 18.57195
11.35072 12.71011 18.53941
11.36094 12.73046 18.53812
11.37311 12.72964 18.52234
11.34407 12.74048 18.52002
11.35605 12.70906 18.52799
11.35686 12.71741 18.51571
11.39370 12.71616 18.47859
11.38061 12.70502 18.45066
11.39579 12.68966 18.44752
11.38499 12.67245 18.42964
11.38815 12.68333 18.43980
11.37198 12.69764 18.45136
11.33582 12.68328 18.43457
11.35708 12.70820 18.45319
11.33046 12.71638 18.47835
11.31902 12.71325 18.49797
11.29829 12.70139 18.47710
11.27400 12.71789 18.48118
11.27161 12.72907 18.48300
11.31682 12.76165 18.50014
11.29798 12.75741 18.49242
11.29647 12.75239 18.50939
11.26664 12.72008 18.52436
11.26494 12.69815 18.51459
11.28971 12.69975 18.49398
11.32168 12.67129 18.47246
11.31878 12.68688 18.46561
11.28951 12.71626 18.46758
11.27191 12.71387 18.49471
11.24771 12.69705 18.48344
11.27876 12.71587 18.49535
11.27926 12.70576 18.51368
11.26266 12.70095 18.49801
11.24907 12.69211 18.51562
11.23154 12.71426 18.50324
11.20475 12.70124 18.50312
11.21692 12.67305 18.49474
11.19526 12.68980 18.51875
11.19805 12.66948 18.51368
11.19288 12.65590 18.54025
11.18954 12.66211 18.53608
11.19307 12.64905 18.53948
11.18447 12.67963 18.53311
11.18083 12.67390 18.54950
11.17175 12.66158 18.54948
11.18380 12.66935 18.54197
11.19830 12.65247 18.55242
11.22052 12.63614 18.51854
11.22004 12.64297 18.51822
11.21681 12.62473 18.55398
11.21057 12.62683 18.57291
11.22876 12.62097 18.56224
11.22716 12.61169 18.55887
11.22550 12.58782 18.55563
11.21516 12.61275 18.55947
11.20256 12.65542 18.55971
11.19749 12.65084 18.56052
11.19399 12.65657 18.56524
11.21944 12.66587 18.53765
11.19190 12.68353 18.53258
11.20120 12.68040 18.53183
11.16028 12.67882 18.52879
11.14752 12.68426 18.51769
11.14591 12.71358 18.50747
11.13748 12.69522 18.52953
11.14321 12.67545 18.49581
11.13439 12.66884 18.48858
11.10841 12.68044 18.49600
11.10450 12.67221 18.46584
11.07206 12.69273 18.48708
11.06209 12.71812 18.49521
11.05906 12.73226 18.51036
11.03749 12.73222 18.53900
11.04515 12.74589 18.54349
11.03192 12.74165 18.56514
10.99339 12.73436 18.57629
10.99131 12.74124 18.58835
10.98593 12.77603 18.59670
10.97080 12.75294 18.59332
10.96097 12.72340 18.61071
10.92227 12.74489 18.66066
10.92570 12.75700 18.67219
10.95662 12.76019 18.68008
10.94994 12.74489 18.69625
10.94106 12.70844 18.69984
10.94554 12.71099 18.67278
10.94543 12.71106 18.68189
10.94323 12.70946 18.70837
10.90716 12.68827 18.73301
10.88568 12.70127 18.73501
10.89305 12.69645 18.74509
10.88900 12.70773 18.74564
10.87810 12.70644 18.79503
10.89532 12.69806 18.78407
10.93828 12.69969 18.78227
10.92431 12.73102 18.79458
10.92528 12.74468 18.78522
10.90839 12.74550 18.79243
10.88321 12.74440 18.79753
10.84911 12.73855 18.79067
10.84223 12.79387 18.82150
10.82111 12.78891 18.81232
10.84504 12.81192 18.83517
10.83966 12.79226 18.81193
10.81540 12.80614 18.77692
10.81768 12.82445 18.77069
10.81255 12.82314 18.79714
10.80244 12.82245 18.84141
10.81046 12.83224 18.87274
10.82361 12.83604 18.84391
10.83720 12.84845 18.86819
10.81455 12.82471 18.85990
10.80640 12.81185 18.86502
10.84454 12.85154 18.83200
10.86347 12.85995 18.80958
10.86522 12.82920 18.77825
10.84290 12.84811 18.77677
10.84238 12.85844 18.73518
10.84724 12.85378 18.74591
10.87794 12.83055 18.74207
10.88068 12.83698 18.74431
10.85820 12.80728 18.71790
10.87245 12.79967 18.73788
10.86290 12.79967 18.71680
10.88485 12.80539 18.68929
10.83636 12.83644 18.70759
10.85296 12.86793 18.68863
10.84285 12.85030 18.69665
10.86393 12.84631 18.69489
10.83085 12.84957 18.68962
10.81546 12.85682 18.72139
10.78957 12.86280 18.70372
10.79859 12.87077 18.66112
10.80060 12.86189 18.66609
10.78998 12.86044 18.68741
10.78035 12.85061 18.66632
10.80477 12.85177 18.65569
10.80854 12.86885 18.66743
10.79658 12.90515 18.67773
10.78072 12.88886 18.67174
10.73858 12.92313 18.65820
10.74671 12.92365 18.66697
10.78845 12.93639 18.69357
10.81305 12.93023 18.73981
10.78766 12.88618 18.75611
10.81634 12.89059 18.72727
10.84691 12.87090 18.74112
10.82919 12.88296 18.74593
10.85019 12.90879 18.74407
10.86729 12.90231 18.75735
10.83500 12.87429 18.75269
10.79778 12.88629 18.74838
10.79320 12.86649 18.73679
10.79683 12.86370 18.71130
10.78290 12.85825 18.69557
10.79437 12.85014 18.71602
10.78122 12.84459 18.68301
10.78382 12.85279 18.68123
10.81299 12.83366 18.68414
10.81244 12.82504 18.70203
10.80881 12.86790 18.67812
10.81317 12.85722 18.65399
10.79580 12.84964 18.68095
10.79452 12.84508 18.68037
10.80063 12.86720 18.68327
10.81440 12.84996 18.68378
10.81175 12.89051 18.66952
10.79158 12.85636 18.66476
10.81554 12.83520 18.65908
10.80423 12.83517 18.66600
10.80389 12.83005 18.69048
10.80728 12.83520 18.67338
10.82640 12.82755 18.66839
10.83702 12.82358 18.69509
10.84243 12.84590 18.68875
10.83896 12.86670 18.72750
10.84700 12.87035 18.71582
10.83658 12.89785 18.69450
10.87343 12.89616 18.67105
10.92305 12.89339 18.66915
10.94145 12.85703 18.64715
10.94916 12.86631 18.67222
10.94296 12.85039 18.67114
10.96731 12.84074 18.65345
10.95127 12.84312 18.64361
10.98461 12.83296 18.61381
10.95366 12.82887 18.61951
10.96977 12.82255 18.63743
10.96540 12.86495 18.63259
10.94571 12.84367 18.62183
10.99069 12.83877 18.65085
10.94386 12.85469 18.61739
10.95677 12.84954 18.59276
10.94135 12.82645 18.55262
10.94452 12.83459 18.56219
10.96350 12.88265 18.55823
10.96838 12.92700 18.55058
10.97407 12.92551 18.57190
10.93561 12.90896 18.54669
10.94836 12.93711 18.57841
10.91316 12.94220 18.56651
10.91889 12.95802 18.56173
10.95078 12.94287 18.58439
10.92969 12.93809 18.59064
10.92932 12.97828 18.58100
10.91242 12.95598 18.56997
10.94601 12.92924 18.56569
10.99450 12.91337 18.57610
10.98972 12.88840 18.59848
10.97783 12.88336 18.58127
10.96874 12.90702 18.61682
10.96539 12.89257 18.61866
10.97593 12.89158 18.61396
10.98454 12.91229 18.62592
10.94886 12.89894 18.62752
10.92965 12.88566 18.62024
10.91556 12.88636 18.61760
10.91879 12.88954 18.61685
10.92480 12.86925 18.58626
10.95216 12.88662 18.57850
10.96753 12.86953 18.58546
10.96714 12.84814 18.59078
10.93443 12.85756 18.60687
10.90940 12.85443 18.59952
10.91621 12.85350 18.58145
10.94100 12.85661 18.58613
10.95559 12.83164 18.60006
10.99053 12.83115 18.57169
10.96433 12.82007 18.55775
10.92888 12.80240 18.53052
10.91720 12.80671 18.52156
10.90710 12.79024 18.48929
10.89665 12.77388 18.53382
10.91347 12.78234 18.52058
10.88631 12.77262 18.52222
10.89784 12.80405 18.54981
10.95202 12.83849 18.55912
10.95465 12.87621 18.57185
10.96522 12.87371 18.55944
10.96985 12.89629 18.56706
10.97151 12.87730 18.58849
10.98272 12.86655 18.57194
10.96797 12.88969 18.54270
10.96607 12.92030 18.56142
10.96965 12.92434 18.56364
10.97620 12.90051 18.53889
10.96772 12.88542 18.51289
10.95761 12.87605 18.53115
10.97713 12.87529 18.56878
10.96626 12.88066 18.58884
10.97763 12.87202 18.59093
10.96728 12.88048 18.59024
10.98194 12.89119 18.59436
11.00685 12.89501 18.59857
11.00426 12.86608 18.56070
11.00228 12.85737 18.52312
10.99809 12.88547 18.51877
10.98684 12.87655 18.50692
10.97670 12.86757 18.49654
10.98225 12.87200 18.50133
11.00980 12.88512 18.46699
11.00334 12.91388 18.42752
10.98500 12.93850 18.43616
10.96203 12.92502 18.44251
10.96918 12.94766 18.44799
10.93339 12.98315 18.44628
10.96482 12.95334 18.44540
10.96811 12.95152 18.43149
10.97940 12.94146 18.45419
11.00431 12.94297 18.49805
10.97357 12.93777 18.52914
10.96073 12.96201 18.49904
10.94443 12.99305 18.47706
10.94497 13.00306 18.45660
10.95064 12.98171 18.48737
10.93779 12.98288 18.48545
10.94083 12.97538 18.49746
10.95096 12.95876 18.48663
10.95432 12.94769 18.51510
10.96124 12.90158 18.49136
10.95528 12.90096 18.49032
10.93691 12.93580 18.52366
10.94235 12.93592 18.51390
10.94924 12.96786 18.53754
10.93607 12.97922 18.55543
10.94163 12.96985 18.53345
10.88967 12.96967 18.54831
10.89821 12.96890 18.53733
10.92289 12.95596 18.52149
10.91066 12.95388 18.48604
10.91411 12.98059 18.48679
10.92331 12.98050 18.48140
10.93582 12.96773 18.47306
10.94845 12.97836 18.47826
10.94816 12.97104 18.50878
10.95410 13.02131 18.50647
10.97140 13.00950 18.49719
10.94715 12.97050 18.49381
10.96116 12.93403 18.46829
10.94146 12.95814 18.49044
10.92217 12.95961 18.50331
10.94393 12.94993 18.53292
10.95389 12.95408 18.51816
10.96828 12.96431 18.51933
10.92235 12.94805 18.54071
10.95419 12.93711 18.53088
10.98355 12.94644 18.55532
10.99063 12.97237 18.56165
10.98363 12.96532 18.54290
10.96006 12.96726 18.56689
10.95457 12.99152 18.56058
10.93321 12.96830 18.52949
10.92958 12.98166 18.54105
10.92249 12.98679 18.52359
10.93312 12.98707 18.55895
10.89753 12.97103 18.54282
10.88825 12.96371 18.48832
10.86146 12.99531 18.48490
10.86769 12.97191 18.48586
10.86444 12.98538 18.47124
10.84514 12.95270 18.45199
10.83627 12.97090 18.47951
10.83899 12.93570 18.48664
10.82869 12.90834 18.48900
10.86540 12.87659 18.52186
10.89426 12.88130 18.50719
10.92000 12.89110 18.54223
10.90587 12.91007 18.55116
10.91600 12.89151 18.57373
10.93149 12.88008 18.53346
10.93243 12.87379 18.55478
10.94267 12.89382 18.60134
10.93289 12.86310 18.59848
10.93321 12.87306 18.66191
10.92845 12.84638 18.66469
10.90161 12.83204 18.63217
10.91619 12.85538 18.62088
10.92894 12.87862 18.59853
10.90652 12.85571 18.58927
10.90354 12.87837 18.59016
10.88764 12.88197 18.58604
10.92090 12.91007 18.56068
10.95008 12.89938 18.56909
10.96892 12.93163 18.58700
10.97171 12.96102 18.57480
10.96541 12.96778 18.55139
10.95898 12.97807 18.57925
10.97493 12.97477 18.55550
10.97843 12.96884 18.53712
10.95863 12.97257 18.50796
10.97240 12.97604 18.51145
10.97796 12.94649 18.49667
10.98534 12.95399 18.48676
10.97089 12.95852 18.52005
10.95832 12.94264 18.50004
10.97320 12.96656 18.51094
10.96609 12.98981 18.50617
10.92983 12.99235 18.50137
10.93090 12.98534 18.50517
10.94471 12.98629 18.48722
10.92678 12.98393 18.47877
10.90963 12.98722 18.48091
10.87275 13.01101 18.50885
10.89496 13.00024 18.49011
10.92052 12.97592 18.49742
10.90999 12.96874 18.49127
10.92607 12.99559 18.50230
10.89823 12.96667 18.53189
10.90022 12.93788 18.53381
10.89283 12.95375 18.55377
10.87841 12.95696 18.56825
10.89436 12.96977 18.55224
10.89582 12.99744 18.57107
10.85461 12.99185 18.59909
10.88512 12.96465 18.60239
10.88279 12.97004 18.62580
10.88775 12.96611 18.60395
10.93154 12.96441 18.58358
10.95872 12.96294 18.59726
11.00849 12.94897 18.58843
11.01718 12.93500 18.56676
11.01786 12.94207 18.60076
11.02113 12.93538 18.59195
10.98557 12.95950 18.59731
11.02472 12.92528 18.58159
11.00544 12.93983 18.57864
11.01068 12.95929 18.54012
11.02795 12.99186 18.53035
11.04796 13.00463 18.53911
11.06308 13.02684 18.48017
11.04132 12.99817 18.46739
11.00521 13.04786 18.44912
10.99887 13.02322 18.43236
11.00564 13.02180 18.44468
10.99291 13.04938 18.43183
10.98225 13.04642 18.44064
10.96796 13.04357 18.43195
10.98655 13.06589 18.40854
10.96973 13.08284 18.40187
10.97550 13.07979 18.39941
10.94650 13.07255 18.42526
10.94743 13.07713 18.42997
10.94925 13.05661 18.42341
10.95787 13.06939 18.46260
10.96979 13.06339 18.47707
10.95656 13.05114 18.46876
10.96675 13.04107 18.45962
10.95521 13.04470 18.41682
10.94940 13.04143 18.44110
10.97319 13.05662 18.41599
10.98025 13.09535 18.42492
10.99299 13.14341 18.41969
11.03549 13.12435 18.41024
11.03606 13.11624 18.39747
11.05717 13.09629 18.41496
11.03583 13.09783 18.41786
11.02006 13.07581 18.41228
11.01467 13.04798 18.41180
11.01648 13.03320 18.39942
11.01182 13.02658 18.41766
11.02299 13.01137 18.42511
11.02479 13.03742 18.42862
11.04441 13.02226 18.38291
11.08274 12.97695 18.42544
11.06267 12.95444 18.41414
11.05249 12.96213 18.44557
11.06398 12.95435 18.42547
11.06372 12.93496 18.41690
11.06962 12.96079 18.44272
11.09810 12.95067 18.43049
11.13258 12.91312 18.43060
11.11429 12.95698 18.43660
11.10521 12.96897 18.40761
11.10801 12.96988 18.45271
11.12696 12.96647 18.45297
11.10876 12.98633 18.43928
11.10545 12.93558 18.45058
11.07655 12.96722 18.43414
11.07550 12.92703 18.42929
11.07539 12.93591 18.45118
11.05932 12.94852 18.46577
11.03951 12.94400 18.46192
11.04634 12.95212 18.46976
11.02193 12.96272 18.47543
11.05785 12.94910 18.44792
11.05951 12.92712 18.43553
11.04724 12.92863 18.41441
11.06170 12.91552 18.43265
11.06851 12.93259 18.41689
11.03201 12.93262 18.37434
11.02543 12.93036 18.39812
10.97444 12.94509 18.42471
10.94928 12.93477 18.43629
10.93372 12.93807 18.45572
10.92224 12.95381 18.45423
10.93663 12.97419 18.45532
10.93114 12.96955 18.44204
10.93642 13.00849 18.45365
10.94100 13.01004 18.46222
10.94919 13.04542 18.43532
10.95771 13.03923 18.38465
10.99774 13.04419 18.44208
11.00030 13.01677 18.44312
10.98253 13.00864 18.44814
11.00028 12.99974 18.41102
11.01265 12.98512 18.43873
11.02656 12.97905 18.43727
10.99375 12.99355 18.44817
10.96495 12.96883 18.43058
11.00819 12.97500 18.43488
11.02376 12.93977 18.40515
11.04368 12.96171 18.36782
11.03995 12.94298 18.34476
11.03723 12.92487 18.37548
11.07626 12.94583 18.38128
11.11309 12.92962 18.40878
11.08792 12.93081 18.39980
11.11731 12.90096 18.42064
11.08500 12.85857 18.44490
11.07752 12.81587 18.46286
11.08555 12.79847 18.47741
11.07408 12.78727 18.51554
11.06543 12.78688 18.52642
11.07942 12.76337 18.55904
11.03803 12.72790 18.57695
11.02477 12.74629 18.54033
10.99989 12.74764 18.54535
11.02730 12.75557 18.58663
11.01961 12.75770 18.57013
11.03582 12.75454 18.56368
11.05081 12.74066 18.52984
11.05670 12.72848 18.52054
11.05941 12.74159 18.50992
11.01379 12.75217 18.51457
11.01068 12.78322 18.51151
11.01497 12.79005 18.52247
11.00118 12.78783 18.50785
11.00007 12.77841 18.52778
11.01171 12.78421 18.54167
11.00627 12.80286 18.58728
11.00626 12.79524 18.57201
11.01399 12.81737 18.59292
11.05493 12.82262 18.57132
11.06239 12.82605 18.57413
11.09468 12.81488 18.61779
11.09972 12.78259 18.61933
11.12785 12.78659 18.62974
11.12622 12.81967 18.62872
11.12336 12.82200 18.60890
11.12850 12.77679 18.62477
11.13138 12.79322 18.65118
11.11151 12.78303 18.66807
11.08403 12.81086 18.65800
11.10010 12.83871 18.64392
11.09180 12.80569 18.66105
11.09260 12.80198 18.66780
11.11269 12.79951 18.67881
11.14077 12.74202 18.69799
11.12496 12.73709 18.70456
11.11456 12.72377 18.69648
11.15120 12.72761 18.68782
11.12869 12.71813 18.66202
11.15623 12.70566 18.64027
11.16337 12.68880 18.65174
11.19676 12.66008 18.65116
11.21553 12.69984 18.64066
11.19516 12.67026 18.63725
11.18576 12.62305 18.63240
11.19980 12.59300 18.63063
11.22674 12.60660 18.66657
11.22603 12.58204 18.65392
11.19519 12.58143 18.65545
11.19663 12.62146 18.67339
11.20566 12.64760 18.68891
11.20129 12.59942 18.71167
11.18316 12.58589 18.71221
11.18937 12.58249 18.70627
11.18860 12.60476 18.71890
11.18962 12.59388 18.69589
11.19549 12.57393 18.70395
11.17408 12.54465 18.69121
11.18455 12.53837 18.67693
11.19222 12.55372 18.69160
11.18580 12.58331 18.69781
11.19549 12.57088 18.70786
11.20888 12.58096 18.71629
11.19205 12.56244 18.71679
11.18017 12.58302 18.70651
11.15855 12.58919 18.70246
11.20304 12.55283 18.69324
11.17469 12.55765 18.62837
11.18450 12.56680 18.63811
11.18884 12.54783 18.61754
11.18224 12.57003 18.59010
11.19352 12.54222 18.60718
11.19389 12.56401 18.58742
11.17739 12.56679 18.59743
11.18039 12.53798 18.58081
11.19000 12.53701 18.54279
11.19378 12.52023 18.55511
11.17933 12.54055 18.56844
11.16626 12.56621 18.57899
11.12501 12.59531 18.57461
11.09530 12.62678 18.60893
11.08788 12.61828 18.63446
11.08013 12.58519 18.66479
11.11398 12.61746 18.70281
11.13468 12.62063 18.72330
11.13207 12.58560 18.71964
11.10344 12.58372 18.71313
11.10813 12.54784 18.73132
11.12460 12.55537 18.71984
11.13425 12.56113 18.69713
11.13893 12.56457 18.68979
11.11337 12.54701 18.68662
11.13014 12.53622 18.69585
11.10065 12.51744 18.69032
11.10191 12.49139 18.67845
